   2.0161622e+00   3.0620398e+00   4.1272901e+00
   2.1199864e+00   1.8093666e+00   2.7093668e+00
   1.6387713e+00   3.1763638e+00   3.8828644e+00
   8.6712208e-01   2.5220058e+00   3.5067308e+00
   6.9115006e-01   7.2993944e-01   2.7367480e+00
   3.1148371e-01   1.9498626e+00   3.1525522e+00
   1.5980728e-01   1.9803220e+00   3.2643274e+00
   2.3812825e+00   2.7926711e+00   4.1617626e+00
   3.6986488e-01   1.9837552e+00   3.0579400e+00
  -3.2671884e-01   1.9641355e+00   2.4584259e+00
   2.0185866e+00   2.8043941e+00   4.4204482e+00
   2.7561875e+00   2.7616258e+00   4.5023836e+00
   1.8337789e+00   1.7182382e+00   3.3604325e+00
   9.2325249e-01   2.6762557e+00   3.8365852e+00
   2.8137249e+00   2.1638757e+00   2.8696720e+00
   1.5853756e+00   2.8445934e+00   3.9777378e+00
   1.4984229e+00   1.1722868e+00   3.1061761e+00
   2.1112293e+00   2.9580922e+00   3.2620203e+00
   2.2847029e+00   3.4411071e+00   3.9613254e+00
   2.9350871e+00   3.0395912e+00   4.0236599e+00
   3.3022176e+00   2.6473178e+00   3.8913568e+00
   2.5190734e+00   2.9448615e+00   4.2373379e+00
   2.3645812e+00   2.8921884e+00   4.1195025e+00
  -4.5601833e-01   2.0281287e+00   3.2928500e+00
   2.2685528e+00   2.9208706e+00   4.6886509e+00
   2.5256635e+00   2.5234939e+00   4.5356905e+00
   2.6224592e+00   2.9100431e+00   3.9722503e+00
   2.5944554e+00   3.1464470e+00   4.3386319e+00
   1.4019925e+00   2.2904582e+00   3.3244439e+00
   1.7148062e+00   2.5068025e+00   3.8760056e+00
   1.0232346e+00   3.5365998e+00   3.7164522e+00
   1.6840541e+00   1.3339656e+00   3.2128986e+00
   2.5950262e+00   1.7790762e+00   3.4063168e+00
   6.6906290e-01   1.9056580e+00   2.7621643e+00
   1.7659391e+00   2.6749394e+00   4.3485904e+00
   1.7651413e+00   1.8837703e+00   3.0403600e+00
   2.9692798e+00   1.3329759e+00   3.2329858e+00
   2.5737021e+00   3.1689601e+00   4.1149139e+00
   1.2698906e+00   2.9139331e+00   3.9657953e+00
   4.5670965e-02   2.3104407e+00   2.9805065e+00
   1.5021420e+00   1.8028040e+00   2.8218548e+00
   1.4351936e+00   1.1490991e+00   2.9843653e+00
   1.2081391e+00   1.1589156e+00   2.5876828e+00
   1.3208124e-01   2.2610889e+00   3.0743653e+00
   1.5249200e+00   3.8579268e+00   3.8721393e+00
   2.1338271e+00   3.2465630e+00   4.4080106e+00
   1.7931506e+00   2.7373342e+00   3.9654646e+00
   9.8330062e-01   3.3890045e+00   3.0426074e+00
   2.1863789e+00   2.6348211e+00   3.9123154e+00
   2.4783280e+00   2.7834447e+00   4.1718342e+00
   6.4821486e-01   1.6965806e+00   2.4370951e+00
   5.1438513e-01   1.7944974e+00   2.7737368e+00
   2.4877352e+00   2.9461578e+00   4.0607009e+00
   2.1757373e+00   2.7908061e+00   4.1151462e+00
   1.1935847e+00   2.1997141e+00   3.2318142e+00
   1.9463198e+00   2.7946210e+00   3.9065354e+00
   1.8161920e+00   3.0872630e+00   4.0291220e+00
   1.6176076e+00   2.7840383e+00   3.7425626e+00
   7.9239174e-01   3.0194463e+00   2.6212246e+00
   9.3955726e-01   1.8738379e+00   3.2569723e+00
   7.0568165e-01   2.2346752e+00   3.1282853e+00
   1.6776940e+00   3.7932483e+00   3.9260237e+00
   1.7422406e-01   1.2869189e+00   2.6892976e+00
   2.2234787e+00   2.8634217e+00   4.0140938e+00
   2.3656174e+00   3.3060169e+00   4.4604441e+00
   2.3574698e+00   2.5507862e+00   2.9637942e+00
   7.8015912e-01   1.4170039e+00   3.2461226e+00
   2.4062056e+00   3.5362345e+00   3.4268760e+00
   1.5091911e+00   2.5888475e+00   3.9321832e+00
   1.9487050e+00   1.8968230e+00   2.6188436e+00
   2.1304800e-01   2.0786893e+00   3.4010110e+00
   7.8653957e-01   3.1372259e+00   4.2149852e+00
   1.8528693e+00   2.9504636e+00   4.4684472e+00
   1.2275863e+00   2.5831455e+00   3.1512011e+00
   1.1661955e+00   3.5261825e+00   4.1831821e+00
   1.2838032e+00   1.5382967e+00   2.8093805e+00
   2.6123197e+00   2.7403427e+00   3.6998885e+00
   1.5851354e+00   3.0199906e+00   3.4855258e+00
   3.9264635e-01   2.6591140e+00   2.6862916e+00
   2.0184185e+00   2.8551210e+00   4.2034195e+00
   1.7803992e+00   3.1503413e+00   3.6373396e+00
   2.2797568e+00   3.1812140e+00   3.7900812e+00
   3.4473707e+00   3.0055380e+00   4.0276262e+00
  -1.4108086e+00   2.5397757e+00   3.1618716e+00
   3.2696167e+00   2.6988858e+00   3.9584786e+00
   4.8928569e-01   1.6509670e+00   3.0214110e+00
   2.7407120e+00   1.6324534e+00   3.1330964e+00
   2.2378019e+00   3.6605744e+00   3.9615133e+00
   2.6775235e+00   3.3084330e+00   3.9626831e+00
   1.6834387e+00   3.3674158e+00   3.8187288e+00
   4.5610645e-01   2.0481181e+00   3.0130402e+00
   2.2856799e+00   3.2194529e+00   4.0340858e+00
   2.2477079e+00   3.2021252e+00   3.8905410e+00
  -9.1017934e-02   2.3845685e+00   3.4428051e+00
   1.9425562e+00   3.0827080e+00   4.1549335e+00
   1.8567785e+00   3.3647802e+00   4.4449555e+00
   1.4972734e+00   1.5408838e+00   2.9827372e+00
   1.7708413e+00   2.8470165e+00   4.0294325e+00
   1.1929158e+00   2.1377863e+00   2.7266220e+00
   1.2449512e+00   1.8171237e+00   3.3005988e+00
   6.7783695e-01   1.9055550e+00   2.9748409e+00
   1.9926923e+00   3.3347230e+00   3.9120868e+00
   5.8504128e-01   2.3392906e+00   3.5234499e+00
   4.4221755e-01   2.7256630e+00   3.1377710e+00
   1.0713789e+00   2.3083297e+00   3.2295889e+00
   2.5989928e+00   1.2749606e+00   2.6773519e+00
   1.6036798e+00   1.9722571e+00   3.2036494e+00
   2.1188821e+00   2.9983269e+00   3.8217089e+00
   1.6643246e+00   2.9417834e+00   4.1798133e+00
   2.1389006e+00   2.9870267e+00   3.9383314e+00
  -5.2290194e-01   1.5394665e+00   3.3116057e+00
   1.2523675e+00   1.7497679e+00   3.0125282e+00
  -2.8130822e-01   1.7573934e+00   2.0722739e+00
   1.5242828e+00   1.0666379e+00   3.2438088e+00
   7.4755221e-01   1.0283509e+00   2.5853177e+00
   7.1773418e-01   2.0362524e+00   2.6346898e+00
   8.5850876e-01   1.6037715e+00   2.9620400e+00
   1.2264238e+00   1.8486216e+00   2.9944770e+00
   8.8077774e-01   1.6612776e+00   3.1696967e+00
   2.2665611e+00   3.2933935e+00   3.5717685e+00
   2.5549986e+00   3.3654175e+00   4.2007882e+00
   1.7630508e+00   2.0648424e+00   3.1191293e+00
  -2.1823380e-01   2.2907749e+00   3.0643367e+00
   2.4702520e+00   2.7860193e+00   4.0233780e+00
   1.6364041e+00   1.6838878e+00   2.7833747e+00
   1.1694750e+00   2.5080392e+00   2.9104026e+00
   1.4107329e+00   1.6899536e+00   2.8580105e+00
   1.0666505e+00   3.1058944e+00   3.9162150e+00
   2.1619377e+00   1.5326410e+00   3.0191966e+00
   1.5342320e+00   2.5128872e+00   3.6053201e+00
   2.1580747e+00   3.0263368e+00   4.1238630e+00
   3.1876967e+00   3.2214142e+00   4.1922606e+00
   7.8666347e-01   2.4456249e+00   3.1233671e+00
   2.8414014e+00   2.3018507e+00   4.3313229e+00
   2.7931011e+00   2.5084361e+00   2.8355547e+00
   1.9279608e+00   2.6219476e+00   3.7926938e+00
   1.8091321e+00   2.6673497e+00   3.7504054e+00
   1.8952733e+00   3.0858839e+00   4.1246648e+00
   1.3855668e-02   1.5309339e+00   3.0551045e+00
   2.2032433e+00   2.9091137e+00   2.8294696e+00
   1.0831860e+00   3.1231385e+00   4.0517705e+00
   2.2705928e+00   2.4635509e+00   3.3917570e+00
  -1.0535856e-01   1.6340928e+00   2.7915805e+00
   1.4344653e+00   2.8213811e+00   3.2764083e+00
   1.4737468e+00   2.6070492e+00   3.8710807e+00
   1.5751134e+00   2.2438164e+00   2.6176056e+00
   2.1896698e+00   1.9744778e+00   3.0856064e+00
   1.7305186e+00   2.7367999e+00   4.1077675e+00
   3.1247789e-01   2.3919711e+00   3.4567772e+00
   5.1502461e-01   1.2317642e+00   3.3753436e+00
   1.8537812e+00   3.1241113e+00   3.4668144e+00
   7.7062852e-01   1.4954714e+00   2.9189344e+00
   9.5834242e-02   1.1864734e+00   3.2255357e+00
   2.0218649e+00   3.5682001e+00   3.7588636e+00
   2.8344116e+00   2.6130723e+00   3.1554439e+00
   1.4486415e+00   1.7926838e+00   3.4725362e+00
   1.5586827e+00   1.3884723e+00   2.6701904e+00
   1.5810079e+00   2.9174576e+00   3.4597769e+00
  -1.6099601e-01   2.1749252e+00   3.2666198e+00
   2.5449632e+00   2.9459079e+00   3.5372612e+00
   8.3487417e-01   1.3361034e+00   3.2534072e+00
   2.4360191e+00   2.3855170e+00   3.7175547e+00
   1.0855477e+00   2.8544570e+00   4.2040614e+00
   1.7816161e+00   1.9909033e+00   2.7128617e+00
   1.4752644e+00   2.8337002e+00   4.1453673e+00
   6.5383257e-01   2.5858557e+00   2.5429632e+00
   1.8999951e+00   1.6313725e+00   3.4139246e+00
   1.7038438e+00   1.6678960e+00   2.5102728e+00
   2.8894986e+00   1.7084367e+00   2.6841431e+00
  -2.2978197e-01   1.6953182e+00   3.0502816e+00
   9.1161336e-01   2.4643158e+00   4.1481766e+00
   4.2011054e-01   2.4314985e+00   3.3757977e+00
   7.5884019e-01   1.8656852e+00   2.6586681e+00
   1.6145411e+00   3.1752161e+00   4.0439140e+00
   1.8130839e+00   2.8737376e+00   4.8065989e+00
   9.0436548e-01   1.6794067e+00   2.8838811e+00
   3.0434367e+00   1.6318896e+00   2.8813011e+00
   1.5337215e+00   2.2667102e+00   2.9341057e+00
   1.3873716e+00   3.1951635e+00   4.2372943e+00
   1.7833785e+00   1.5696956e+00   3.4213439e+00
   1.7385463e+00   3.1453016e+00   3.9547079e+00
   1.4980019e+00   2.6975036e+00   4.0866321e+00
   2.6024340e+00   1.2841407e+00   3.1419937e+00
   4.1406137e-01   2.4722594e+00   2.8045211e+00
   1.4606210e+00   3.5706470e+00   4.0568294e+00
   2.5520403e+00   2.1854587e+00   4.0889498e+00
   2.2147313e+00   6.0275724e-01   3.0586303e+00
  -5.7778780e-01   1.4582116e+00   3.1430997e+00
   3.6987159e-01   2.8395586e+00   3.2173983e+00
   2.0202915e+00   3.2293797e+00   3.8336744e+00
   2.7051829e+00   2.8401222e+00   4.2483321e+00
   9.4699506e-01   2.5057554e+00   3.8586748e+00
   4.6712842e-01   1.4389017e+00   3.4245350e+00
   2.0750368e+00   3.3191643e+00   3.6761603e+00
   1.9774482e+00   3.1044050e+00   4.4977023e+00
   1.6228831e+00   2.7725856e+00   3.9900886e+00
   2.8143883e+00   3.4338678e+00   3.7071794e+00
   9.6673815e-01   1.9799681e+00   1.8784366e+00
   2.2621841e+00   1.4091857e+00   2.9003444e+00
   1.8777279e+00   2.8699214e+00   4.3065610e+00
   2.3346379e+00   3.1267744e+00   3.4196148e+00
   2.2973007e+00   3.2366604e+00   4.2044306e+00
   1.6172643e+00   3.8550947e+00   4.1225897e+00
   8.0741749e-01   3.3813902e+00   4.1383478e+00
   1.8327859e+00   3.1743424e+00   4.0079066e+00
   5.7165237e-02   3.0334790e+00   2.8223343e+00
   2.1031109e+00   2.0242765e+00   3.4865034e+00
   2.1504864e-01   1.6359649e+00   2.8680319e+00
   1.8227026e+00   1.3900333e+00   3.1554978e+00
   1.9849939e+00   2.9059174e+00   3.8239665e+00
   1.2546679e+00   2.5490882e+00   3.6828950e+00
   8.0740015e-01   3.0065848e+00   2.6018908e+00
   2.4167725e-01   1.2345911e+00   2.3151126e+00
   6.3980287e-01   2.1302608e+00   2.3950296e+00
   1.9793536e+00   2.8746541e+00   4.2333288e+00
   1.4743668e+00   2.6939916e+00   3.8547647e+00
   1.5194211e+00   3.2470144e+00   3.9932507e+00
   1.7182911e+00   3.5126701e+00   3.8984873e+00
   1.7486647e+00   3.1641464e+00   4.2517475e+00
   2.5092362e+00   3.0566850e+00   3.9542456e+00
   1.4640528e+00   9.9015571e-01   2.3829310e+00
   1.7123506e+00   2.3507608e+00   2.9146329e+00
   2.9665882e+00   2.8349038e+00   4.5334855e+00
   3.2052529e+00   2.8783540e+00   3.3631268e+00
   4.9778114e-01   1.6218957e+00   3.2703921e+00
   1.2394786e+00   3.2910972e+00   4.4499930e+00
   2.2074743e+00   2.7399614e+00   3.8367982e+00
   1.0340178e+00   2.2911420e+00   3.3150843e+00
   2.0641016e+00   2.9765662e+00   3.8120675e+00
   2.1136156e+00   3.0201125e+00   4.2446113e+00
   2.0620520e+00   2.7648171e+00   3.9349025e+00
   2.2142217e+00   3.2692269e+00   4.1072621e+00
  -8.5791027e-01   2.2958833e+00   3.0607100e+00
   2.4830754e+00   3.3054827e+00   3.8775286e+00
   2.4559594e+00   3.4803486e+00   3.7320592e+00
   1.6848924e+00   3.1993531e+00   4.4686127e+00
   1.9475750e+00   3.3656910e+00   4.2339884e+00
   2.3606795e+00   3.0872263e+00   4.2901723e+00
   2.2227838e+00   3.0121722e+00   4.1231919e+00
   1.5852527e+00   2.0118043e+00   2.8909534e+00
   2.4716513e+00   3.0165623e+00   4.1990449e+00
  -5.0717026e-01   2.6400639e+00   2.5613823e+00
   1.8314545e+00   3.3531143e+00   4.3241465e+00
   1.3883856e+00   1.3640909e+00   3.1118245e+00
   2.5075350e+00   2.5352542e+00   4.2646280e+00
   5.8766649e-01   2.2998522e+00   2.7212473e+00
   1.2575499e-01   2.3747659e+00   3.0825769e+00
   2.0848757e+00   1.6985311e+00   2.7331455e+00
   1.6902422e+00   2.4176625e+00   3.6765311e+00
   1.6401240e+00   2.1648781e+00   2.6332349e+00
   1.0698964e+00   2.2369428e+00   2.5578656e+00
   1.6448067e+00   2.1671821e+00   2.9095169e+00
   1.0648717e+00   3.2577845e+00   4.0694674e+00
   2.8493817e+00   2.9684184e+00   3.6988837e+00
   1.3396037e+00   2.4141247e+00   2.9083714e+00
   1.0787291e+00   2.1392706e+00   3.2429997e+00
   1.9853298e+00   2.8948670e+00   4.1358077e+00
   2.8166623e+00   1.1088354e+00   3.0265466e+00
  -9.9073179e-02   2.3921887e+00   2.7163912e+00
   2.0153455e+00   2.9545741e+00   3.9271551e+00
   1.6985315e+00   1.3021528e+00   2.8168315e+00
   3.3732268e-01   2.1208773e+00   2.9105085e+00
   4.3122636e-01   2.4586716e+00   3.2005158e+00
   7.1217305e-01   1.4040196e+00   2.9079030e+00
   1.7480399e+00   3.1482280e+00   3.4929844e+00
   1.4730297e+00   3.0269426e+00   4.1260932e+00
   1.5519499e+00   1.4594332e+00   2.0918182e+00
   2.3160965e+00   2.9982373e+00   3.8738453e+00
   1.6601555e+00   3.2689700e+00   3.8337490e+00
   2.2007936e+00   2.5526209e+00   4.2274779e+00
   2.0332772e+00   1.9099165e+00   2.9337213e+00
  -5.6486565e-01   2.0328904e+00   2.8104853e+00
   3.1338162e-01   2.4136503e+00   3.0835192e+00
   1.9836787e+00   2.9650440e+00   4.0420277e+00
   4.4683815e-01   2.3302748e+00   3.0493609e+00
   2.1341366e+00   2.6236926e+00   3.8658951e+00
  -2.8917283e-02   2.6023262e+00   2.8276331e+00
   2.5522105e+00   2.2088979e+00   3.0487901e+00
   2.2605280e+00   3.3126949e+00   3.9934851e+00
   1.7492786e+00   2.9630591e+00   3.9326087e+00
   1.8078332e+00   3.2697760e+00   3.6512570e+00
   2.2247649e+00   3.4854145e+00   4.1512755e+00
   1.0630137e+00   2.5920745e+00   4.0258288e+00
   7.4543629e-01   1.5429792e+00   3.2542745e+00
   1.4066195e+00   3.1537875e+00   4.1790805e+00
   1.9883754e+00   2.6695964e+00   4.1363688e+00
   2.8199753e+00   2.2994314e+00   3.7831009e+00
   7.4098385e-01   1.0926925e+00   3.0429246e+00
   5.9488667e-01   2.1229763e+00   3.2738073e+00
   1.2375520e+00   1.4549708e+00   3.0295457e+00
   2.2304342e+00   3.1859460e+00   3.7284919e+00
   2.1848836e+00   2.4146591e+00   2.7987505e+00
   3.6673748e-01   2.1485798e+00   2.3948797e+00
   8.6925139e-01   2.2726030e+00   2.7779573e+00
   1.5455943e+00   1.9774052e+00   3.2035088e+00
   2.3442807e+00   3.1593009e+00   3.5950427e+00
   2.5004858e+00   2.4827915e+00   2.4507788e+00
   1.1511949e+00   2.7547695e+00   3.3729997e+00
   1.9802367e+00   2.8171402e+00   3.6418602e+00
   1.3398233e+00   1.7595136e+00   3.1535235e+00
   1.1958422e+00   3.1135393e+00   3.7147163e+00
   1.4399457e+00   3.2595981e+00   3.5987770e+00
   3.4223555e+00   2.0805032e+00   2.7660492e+00
   8.5410774e-01   1.9991088e+00   3.1777309e+00
   1.7366471e+00   2.7085032e+00   3.9546140e+00
   1.4312872e+00   1.9168369e+00   3.1086363e+00
   2.0230720e+00   2.3373153e+00   3.1133503e+00
   1.5327153e+00   1.1104025e+00   3.0597243e+00
  -2.0794050e-01   2.0642964e+00   2.7644339e+00
   3.0825903e+00   3.6531843e+00   3.9856019e+00
   1.3521402e+00   2.6959273e+00   4.3470616e+00
   2.4661510e+00   3.8250302e+00   3.9601889e+00
   1.3382130e-02   2.3155716e+00   2.7812610e+00
   9.9465489e-01   2.0984593e+00   2.5956934e+00
   2.1816155e-01   9.5932173e-01   2.7136403e+00
   1.3795212e+00   1.3843080e+00   3.1048914e+00
   1.8633525e+00   3.2538102e+00   4.5140333e+00
   1.3054654e+00   3.0506419e+00   3.5468103e+00
  -1.1925376e+00   2.2995807e+00   2.7266009e+00
   1.9880487e+00   2.4027123e+00   3.7067644e+00
   1.7127467e+00   3.4911761e+00   4.3374933e+00
   1.7618627e+00   3.6310669e+00   3.5783695e+00
   2.8739933e+00   3.0686001e+00   4.2357638e+00
   1.2236131e+00   3.1787692e+00   3.7399206e+00
  -1.9030668e-01   1.1044793e+00   3.6839653e+00
   4.6287102e-01   2.7729962e+00   3.2103008e+00
   1.2049301e+00   2.5792189e+00   4.0176611e+00
   2.4111262e+00   2.8506151e+00   4.2723444e+00
   1.1260178e+00   3.0445774e+00   4.0886961e+00
   2.6101202e+00   3.4664126e+00   3.7363270e+00
   1.9183804e+00   2.9176462e+00   4.1377732e+00
   1.2221557e+00   2.0536146e+00   3.0453590e+00
   1.4599163e+00   1.8127666e+00   2.6988222e+00
   1.5872955e+00   1.2863640e+00   2.9547946e+00
   1.5793931e+00   2.1352558e+00   3.0493664e+00
   2.1443537e-01   2.1891149e+00   2.9293225e+00
   1.8448337e+00   3.2865554e+00   3.8871762e+00
   1.8208340e+00   3.1398277e+00   3.8791075e+00
   2.6364288e+00   2.2155691e+00   3.4329329e+00
   3.1253669e-01   2.7341126e+00   4.2863595e+00
   1.7946118e+00   3.0290116e+00   3.9169598e+00
   2.3218001e+00   3.4925810e+00   3.9626173e+00
   2.3997403e+00   3.0230110e+00   3.7864076e+00
   2.2176545e+00   2.9230693e+00   4.3806905e+00
   2.2823772e+00   2.3203576e+00   3.2191829e+00
   1.4592568e+00   2.9100793e+00   3.7981490e+00
   1.3258082e+00   2.8903199e+00   3.9117507e+00
   1.3787513e+00   1.4603220e+00   3.3954134e+00
   2.7466586e+00   2.2051644e+00   2.8809144e+00
   1.3672011e+00   3.3920176e+00   3.9239138e+00
   2.8468445e+00   3.1837027e+00   4.0936217e+00
   8.2760645e-01   2.1428727e+00   3.1283449e+00
   2.7819231e+00   2.5732613e+00   3.7474063e+00
   1.0761070e+00   2.4953750e+00   3.2000708e+00
   1.6128731e+00   3.0607154e+00   3.7466722e+00
   1.2674426e+00   3.0483083e+00   3.4276857e+00
   8.8752310e-01   2.2394765e+00   2.6172829e+00
   9.0610520e-01   1.6936975e+00   2.8547010e+00
   1.9691664e+00   2.6357063e+00   3.8692447e+00
   2.0841249e-01   2.4133918e+00   3.1579057e+00
   2.5898199e+00   1.8344392e+00   3.0091431e+00
   1.8020384e+00   3.5856016e+00   3.8632235e+00
   5.3266764e-01   1.9381870e+00   2.9232065e+00
   1.7604468e+00   3.1037022e+00   4.1619610e+00
   1.7021690e+00   3.0763535e+00   3.6873782e+00
   2.5867395e+00   2.6967819e+00   4.0092863e+00
   1.4567116e+00   1.2517032e+00   3.7723483e+00
   1.9994987e+00   2.7040174e+00   4.0542433e+00
   1.4248749e+00   3.4041709e+00   3.8060659e+00
   2.7203675e+00   3.1568295e+00   4.0390900e+00
   2.1603765e+00   2.8108466e+00   3.9083282e+00
   1.3029910e+00   3.1030284e+00   4.4912036e+00
   2.4196425e+00   2.2324139e+00   2.2606524e+00
   4.6621566e-01   2.5768556e+00   3.3056929e+00
   1.9535411e+00   3.5004866e+00   3.9585285e+00
   1.5617448e+00   2.5503673e+00   2.9293596e+00
   1.1410347e+00   1.9202189e+00   4.0411973e+00
  -7.0303173e-03   2.4945260e+00   3.3469145e+00
  -7.2725285e-01   1.6322678e+00   2.5054236e+00
  -2.1532006e-01   1.5940810e+00   2.5724079e+00
   1.9485792e+00   2.9754901e+00   4.2509707e+00
   3.2941265e+00   2.8637008e+00   4.0902346e+00
   6.3261412e-02   1.9989436e+00   2.8475407e+00
   1.8361381e+00   2.2365255e+00   2.7910658e+00
   2.6607305e+00   3.1477300e+00   3.9363886e+00
   1.5733104e+00   2.0023382e+00   2.6746259e+00
   2.1353872e+00   3.2706218e+00   3.6569232e+00
   4.3707051e-01   1.2246827e+00   3.1639676e+00
   9.6814387e-01   1.9570170e+00   3.0287633e+00
   2.9194459e+00   2.9417153e+00   4.0305222e+00
   9.4408197e-01   1.5410055e+00   3.0897979e+00
   4.4813108e-01   2.0351469e+00   2.9357610e+00
   1.1912634e+00   2.5300278e+00   3.1814238e+00
  -5.1166055e-01   2.3291747e+00   3.1427476e+00
   2.6917154e+00   2.7807104e+00   4.2413867e+00
   7.7702792e-01   1.6233028e+00   3.3426962e+00
   1.5373360e+00   2.4424963e+00   3.2421401e+00
   1.3239473e+00   2.3582088e+00   3.2338764e+00
   2.4299852e+00   4.1351544e+00   3.6334399e+00
   3.0729709e+00   3.0391682e+00   3.9966772e+00
   6.4581227e-02   1.6174405e+00   2.7947608e+00
   2.3387735e+00   2.7503016e+00   4.1230624e+00
   2.7056395e+00   3.2564303e+00   4.2770332e+00
   1.8765060e+00   1.5518784e+00   2.3108413e+00
   2.1728331e+00   3.7330909e+00   3.6475162e+00
   2.4314829e-02   1.9775808e+00   3.2815746e+00
   2.2011764e+00   2.7268519e+00   4.2190521e+00
   1.2941117e+00   3.0394275e+00   3.9000076e+00
   1.6797445e+00   3.5751088e+00   3.7395724e+00
   1.2601275e+00   1.8247489e+00   2.9369122e+00
   5.7372404e-01   2.0496042e+00   2.9726618e+00
   1.1064556e+00   1.5341527e+00   3.0553487e+00
   1.4123994e+00   2.7356912e+00   4.1468637e+00
   2.3859581e+00   3.3839356e+00   3.7510583e+00
   2.0697750e+00   2.2663768e+00   3.6498841e+00
   1.9929953e+00   1.9017848e+00   3.3221401e+00
   2.0542975e+00   2.8153194e+00   3.9604432e+00
   1.7772570e+00   1.5855104e+00   3.6707868e+00
   2.1866642e+00   2.6674364e+00   3.6492054e+00
   1.1885680e+00   1.4368938e+00   3.1191086e+00
   2.5588476e+00   3.0280438e+00   3.4824878e+00
   2.7507308e-01   2.4126917e+00   2.7285364e+00
   1.8779871e+00   3.2435093e+00   3.5553977e+00
   1.0186924e+00   1.0764298e+00   3.3174616e+00
   1.8730671e+00   2.6936159e+00   3.9234511e+00
   3.0848670e-01   1.9650848e+00   2.8603651e+00
   3.3263783e-01   2.1160775e+00   2.8074108e+00
  -3.6642419e-01   7.3407812e-01   3.4313790e+00
   6.2131754e-01   2.3497022e+00   2.6262653e+00
   1.6584823e+00   3.3078243e+00   4.1086611e+00
   2.2739940e+00   2.3683728e+00   3.8563876e+00
   6.1448649e-01   2.2003464e+00   2.8208325e+00
  -2.5363529e-01   2.8946175e+00   2.6632322e+00
   1.1368686e+00   2.0121580e+00   2.9027240e+00
   1.7407809e+00   1.8980583e+00   3.3326381e+00
   3.0150172e+00   2.6411135e+00   4.1914606e+00
   1.8104081e+00   3.0519150e+00   4.6490381e+00
   4.8750651e-01   1.7910625e+00   2.7650821e+00
   2.4941671e+00   2.7742827e+00   3.9429304e+00
   1.6110917e+00   2.5630051e+00   3.6479109e+00
   1.5155911e+00   1.1124075e+00   2.5917947e+00
   2.1824435e+00   2.7550347e+00   3.9911401e+00
   1.2129198e+00   2.3079209e+00   2.8215775e+00
   1.9994840e+00   3.4163392e+00   3.9474637e+00
   2.3901807e+00   2.7145500e+00   4.4701888e+00
   1.2287485e+00   2.5235711e+00   3.0032776e+00
   1.2933701e+00   2.4667723e+00   3.1865974e+00
   2.0423336e+00   3.0046176e+00   3.8732721e+00
   1.6375250e+00   1.4411844e+00   2.6984651e+00
   7.0649942e-01   1.8017491e+00   2.8825563e+00
   2.6064200e+00   3.2308360e+00   4.5285166e+00
   1.4346327e+00   2.6262597e+00   3.9401831e+00
   2.0534480e+00   3.1021040e+00   4.1309906e+00
   1.5653673e+00   2.6890072e+00   4.1748809e+00
   1.6007732e+00   3.3110000e+00   4.0309862e+00
   9.9335256e-01   1.7048157e+00   3.1737507e+00
  -5.4906727e-01   1.6353685e+00   3.0442273e+00
   1.2225145e+00   2.8049220e+00   3.0453190e+00
   2.1861570e+00   3.1658635e+00   4.2533375e+00
   2.0522639e+00   2.4563182e+00   3.9597812e+00
   1.5848373e+00   3.0848631e+00   4.1375376e+00
   1.8568139e+00   3.0747260e+00   4.0765139e+00
   1.7212669e+00   2.7267427e+00   3.4071992e+00
   1.2449807e+00   1.4433619e+00   3.1384822e+00
   1.8391923e+00   2.8167800e+00   4.1863365e+00
   3.2980157e-01   2.3641368e+00   2.3581620e+00
   2.1181821e-01   2.7781280e+00   3.2280833e+00
   2.2077426e+00   3.1876755e+00   4.0240455e+00
   8.2934853e-01   1.5376378e+00   4.0457020e+00
   1.2693243e+00   3.5857725e+00   4.2220910e+00
   1.7603160e+00   3.0113392e+00   4.0424902e+00
   1.5451401e+00   2.7489425e+00   4.1096512e+00
   6.6985250e-01   3.4369548e+00   4.1119695e+00
   6.4650856e-01   1.7829627e+00   3.7025446e+00
  -2.0301314e+00   1.9206381e+00   3.1691258e+00
   2.8042059e+00   3.0603195e+00   4.0089061e+00
   3.1317849e+00   2.6106976e+00   4.1764888e+00
  -8.3772864e-01   2.2581868e+00   3.0308117e+00
  -5.2549919e-01   2.7752188e+00   2.6202779e+00
   1.3704555e+00   2.4048271e+00   4.2412203e+00
   1.1371304e-02   8.8784673e-01   2.9284172e+00
   2.5457845e+00   1.9350720e+00   2.3107330e+00
   1.3508794e+00   2.2103325e+00   3.4710513e+00
   1.3783601e+00   3.0838630e+00   3.8222821e+00
   1.4597357e+00   2.8675663e+00   3.6958378e+00
   1.9953978e+00   2.1610549e+00   3.2335965e+00
   2.3685788e-01   2.1968803e+00   2.9803391e+00
   2.3696571e+00   2.4867869e+00   3.3075393e+00
  -1.0373478e-01   2.4037606e+00   3.3211186e+00
   1.5887167e+00   2.6641192e+00   3.7965238e+00
   1.9927389e+00   2.6327285e+00   4.2163233e+00
   2.4629107e+00   3.1495594e+00   3.9348741e+00
  -1.0394954e+00   1.9876616e+00   2.7662339e+00
  -9.4681407e-01   2.7856313e+00   3.1936510e+00
   2.2298278e+00   1.7341287e+00   3.1927268e+00
   2.7454717e+00   2.7192592e+00   3.8370226e+00
   2.2938921e+00   2.3688737e+00   2.2536908e+00
   2.2411684e+00   2.9821765e+00   4.1514453e+00
   2.4050014e+00   1.8295817e+00   3.2631818e+00
   5.1804427e-01   1.8830312e+00   2.9580605e+00
   1.5134901e+00   3.0615659e+00   4.0246724e+00
   1.2990301e+00   2.5979334e+00   3.9026462e+00
  -5.4370178e-01   2.5371945e+00   3.1059444e+00
   1.7799165e+00   3.7340761e+00   4.1274187e+00
  -7.6573577e-01   1.5845742e+00   2.9261236e+00
   1.8901961e+00   3.0688872e+00   4.1223974e+00
   1.7618021e+00   3.2517147e+00   3.9515267e+00
   2.1024920e+00   2.0571142e+00   3.1650010e+00
   2.7333654e-02   1.4369612e+00   3.0089212e+00
   1.5992949e+00   2.5193378e+00   3.0153725e+00
   2.9543285e+00   3.2358482e+00   4.1236199e+00
   2.6234409e+00   3.2751954e+00   4.1172083e+00
   2.8251217e+00   3.3166476e+00   4.0319282e+00
   3.9952123e-01   1.7771221e+00   2.6466518e+00
   2.3514775e+00   1.4153486e+00   3.4033335e+00
   2.1919555e+00   2.6479676e+00   3.6336624e+00
   2.9494013e+00   3.1289849e+00   4.3851424e+00
   2.4249920e+00   3.0131565e+00   3.7397615e+00
   1.1057248e+00   2.0017454e+00   2.6546761e+00
   9.8920115e-01   1.8555181e+00   3.7146830e+00
   1.9424666e+00   2.9197941e+00   4.4902434e+00
   2.1589369e+00   3.2070716e+00   4.2243675e+00
   3.1215410e-01   1.7917619e+00   3.4727022e+00
   1.9878797e+00   1.2897955e+00   2.7428421e+00
   1.5789385e+00   3.3052459e+00   2.7620560e+00
   1.5359060e+00   9.7456102e-01   3.3186196e+00
   2.0103593e+00   2.7297741e+00   3.4101290e+00
   1.1251674e+00   1.9295030e+00   3.1748158e+00
   2.1062675e+00   3.0373271e+00   4.5214994e+00
   2.2751546e+00   3.3572818e+00   4.1592889e+00
   2.1937267e+00   2.2590554e+00   2.5807047e+00
   1.6192169e+00   2.4037728e+00   4.1145179e+00
   2.5297070e+00   3.0893994e+00   3.9852413e+00
   7.3096800e-01   1.3389227e+00   3.0715705e+00
   1.5443585e+00   2.6485399e+00   3.6859637e+00
   1.2023339e+00   1.4781219e+00   3.8529978e+00
   2.1864600e+00   2.9676493e+00   3.9842804e+00
   1.1840512e+00   3.2728215e+00   3.9467283e+00
   1.3356502e+00   2.4126818e+00   4.1450450e+00
   4.9575372e-01   1.9247515e+00   3.3903361e+00
   1.9857459e+00   2.2379133e+00   3.3964289e+00
   1.7911185e+00   2.2776105e+00   3.7712164e+00
   1.3685152e+00   2.0776379e+00   3.1295763e+00
   2.1552578e+00   2.5726851e+00   3.7972399e+00
  -2.0099051e-01   3.1963261e+00   3.1063660e+00
   3.4606607e-01   1.5069306e+00   2.7258239e+00
   3.3284727e+00   2.8878220e+00   4.1834641e+00
   1.4608884e+00   1.7664462e+00   3.0869494e+00
   2.2318687e+00   2.6041261e+00   4.4263737e+00
   1.3746747e+00   1.9907153e+00   2.9137615e+00
  -2.5498187e-01   1.3603490e+00   2.7371216e+00
   1.1805102e+00   3.1570311e+00   4.5349794e+00
   2.2414827e+00   2.0627255e+00   3.3192741e+00
  -5.6229619e-02   2.1211904e+00   3.3604501e+00
   2.3710413e+00   3.3441307e+00   3.8977068e+00
   1.2594841e+00   2.1274640e+00   2.9344664e+00
   1.5184057e+00   3.4624693e+00   3.7986911e+00
   9.2407022e-01   1.8426988e+00   3.4134734e+00
   1.5634728e+00   2.3257302e+00   2.6887858e+00
   4.7583318e-01   1.7553976e+00   3.2964514e+00
   1.9220619e-01   1.2987170e+00   3.0481853e+00
   1.9609592e+00   2.6451536e+00   4.4065038e+00
   1.8591707e+00   1.5172074e+00   3.1741139e+00
   1.3923523e+00   3.2381865e+00   4.1449789e+00
   2.4099375e+00   3.3657928e+00   4.1107032e+00
   1.9712194e+00   1.9546560e+00   3.5075312e+00
  -1.0955419e+00   1.9132599e+00   3.0403077e+00
   2.7723555e-01   1.5319487e+00   3.0970176e+00
   1.3740892e+00   2.6356076e+00   2.4739353e+00
   1.8137918e+00   1.8224387e+00   3.0977098e+00
   1.2206346e+00   3.1693157e+00   4.2819010e+00
   1.7339771e+00   3.5181382e+00   3.6989646e+00
   3.6914330e-02   2.2946854e+00   3.1464978e+00
   1.3647815e+00   3.3580755e+00   3.9036164e+00
  -1.4194484e-01   1.7558490e+00   2.6945957e+00
   2.7968257e+00   2.9145894e+00   3.9635311e+00
   1.3298375e+00   2.7799119e+00   2.6266092e+00
   5.4969269e-01   2.7119031e+00   3.3975900e+00
   1.7745479e+00   2.4425549e+00   4.5532378e+00
   1.7768615e+00   3.3276447e+00   3.8355865e+00
   1.3259583e+00   1.9250280e+00   3.0053415e+00
   6.3304528e-01   1.9505980e+00   3.2372069e+00
   1.5432432e+00   3.0564614e+00   4.0458385e+00
   2.5203417e+00   2.7740516e+00   4.1720404e+00
   2.0386012e+00   2.7580172e+00   4.0688176e+00
   1.5383743e-01   2.0599299e+00   3.0297523e+00
   8.0698735e-01   1.9067757e+00   3.2854752e+00
   1.9926567e+00   2.6839238e+00   4.0713230e+00
  -2.3615138e-01   1.2095363e+00   3.2367767e+00
  -1.2628237e-01   1.7962426e+00   2.5419922e+00
   9.4194546e-01   2.9227784e+00   3.8119015e+00
   2.1104822e+00   2.6227599e+00   2.6515889e+00
   9.8727617e-01   1.9593189e+00   3.5460817e+00
   2.5256740e+00   3.1008424e+00   3.9772833e+00
   1.8693605e+00   2.9174367e+00   4.0602426e+00
   8.4044446e-01   2.0469106e+00   3.3172691e+00
   2.0188958e+00   3.0588104e+00   3.5476249e+00
   1.6015599e+00   2.9504865e+00   4.0414701e+00
   2.0411230e+00   3.6549251e+00   3.8435119e+00
   1.6244899e+00   3.1578379e+00   3.8415254e+00
   2.1138289e+00   3.2440085e+00   3.7636112e+00
   1.4321980e+00   1.8061986e+00   2.4374345e+00
   2.0599279e+00   2.3012651e+00   3.0243408e+00
   1.4816379e+00   2.3368736e+00   3.1202242e+00
   1.8576438e+00   2.2872704e+00   4.0051113e+00
   2.5868624e+00   2.4298940e+00   3.7014446e+00
   6.2095275e-01   2.1844657e+00   2.8294641e+00
   3.5138114e-01   1.9167319e+00   3.3112347e+00
   1.6424374e+00   3.5026949e+00   4.0451553e+00
   2.2898664e+00   2.7547856e+00   4.2390497e+00
  -7.1472730e-02   2.3032536e+00   3.2468824e+00
   1.5679290e+00   2.4937111e+00   3.1108817e+00
   1.6431957e+00   3.1706521e+00   4.0342738e+00
   2.2026785e+00   2.3824178e+00   4.1663077e+00
   2.5004550e+00   1.9537765e+00   2.6982110e+00
   5.0528381e-01   1.9418155e+00   2.9904301e+00
   1.0929309e+00   2.4409666e+00   2.2676686e+00
   1.5185794e+00   3.4652114e+00   3.9968695e+00
   1.4706661e+00   2.4508545e+00   3.0750372e+00
   9.2453296e-01   2.3080528e+00   2.8331748e+00
   1.9451368e+00   2.9026214e+00   3.8510762e+00
   1.1294023e+00   2.0572530e+00   2.8851232e+00
   1.2115958e+00   2.4031566e+00   2.5189308e+00
   1.6462202e+00   2.2182530e+00   4.0395575e+00
   1.5988856e-01   2.0892761e+00   3.0488963e+00
   1.7504055e+00   2.8111465e+00   4.5253759e+00
   1.6786783e+00   3.0490206e+00   3.5898567e+00
   2.6182285e+00   3.1140582e+00   4.3448243e+00
   2.0627658e+00   3.3314032e+00   4.1009536e+00
   1.2115120e+00   3.5028965e+00   4.1600166e+00
   2.2219706e+00   3.2860532e+00   4.0298663e+00
  -7.1008879e-02   1.7224625e+00   3.6532943e+00
   1.6465966e+00   2.8839317e+00   4.0415771e+00
   2.6396437e+00   2.1062128e+00   3.1513727e+00
   4.6114215e-01   2.1427990e+00   3.2050209e+00
   1.6289698e+00   1.7423918e+00   3.0525781e+00
  -3.3810408e-01   2.1854245e+00   3.3164857e+00
   8.3429866e-01   2.6742682e+00   3.6015969e+00
   1.4782508e+00   2.9626167e+00   4.1218815e+00
   1.5364745e+00   2.8305399e+00   3.7163762e+00
   4.7869882e-02   2.3712357e+00   2.5926718e+00
  -1.0721623e+00   1.8480168e+00   3.3925611e+00
   8.5844229e-01   1.2342095e+00   2.8911161e+00
   2.3192566e+00   3.5978306e+00   3.6408324e+00
   1.6326651e+00   3.5615451e+00   4.2548240e+00
   3.4079114e+00   2.5076114e+00   2.8182476e+00
   2.4001425e+00   2.3883637e+00   4.5585194e+00
   1.6117662e+00   2.9111242e+00   3.8839844e+00
   2.2546570e+00   3.1034667e+00   3.7221608e+00
   1.6313199e+00   2.6609990e+00   3.2643806e+00
   1.2733691e+00   1.8661852e+00   2.9951005e+00
   2.3977148e+00   2.4181832e+00   3.7142070e+00
   2.7762224e+00   2.1605845e+00   2.5730357e+00
  -3.6384782e-01   2.5574458e+00   3.0452084e+00
   1.7925673e+00   3.1318176e+00   4.1991644e+00
   2.6449060e+00   2.8473967e+00   4.1910184e+00
   3.1112543e+00   2.3372682e+00   3.8488480e+00
   2.0764138e+00   2.8786273e+00   4.0187989e+00
   9.7217088e-01   2.8427001e+00   3.2331774e+00
   5.4845092e-01   1.8290538e+00   2.8504208e+00
   4.9125681e-01   1.8048245e+00   3.2348702e+00
   1.6153515e+00   1.4838799e+00   3.4044131e+00
   1.6411922e+00   2.6196295e+00   3.6872812e+00
   3.3996901e-01   2.1018764e+00   3.0563632e+00
   1.6669546e+00   1.8211013e+00   2.9370720e+00
  -1.2161475e+00   1.6782428e+00   2.8422712e+00
   1.0015756e+00   1.9100866e+00   2.9098072e+00
   1.4045309e+00   3.0965449e+00   4.2945722e+00
  -8.1062970e-02   1.8374502e+00   3.1539076e+00
   1.2286941e+00   3.4942707e+00   3.8868420e+00
   2.2849249e+00   3.1352009e+00   3.7323371e+00
   1.6696404e+00   2.6262016e+00   4.1306555e+00
   1.6939402e+00   3.0129868e+00   3.7731341e+00
   8.4170054e-01   2.3428699e+00   1.6509794e+00
   1.2146273e+00   1.2478396e+00   2.6636538e+00
   1.8736172e+00   1.9984563e+00   2.6401460e+00
   7.4579098e-01   2.2350201e+00   2.9695850e+00
   2.5321732e+00   3.4567348e+00   3.6834416e+00
   1.3686609e+00   2.3243896e+00   3.6252422e+00
   2.3480261e+00   2.3661338e+00   2.8411290e+00
  -5.1726595e-01   1.4984646e+00   2.9859978e+00
   3.3005769e+00   1.3040313e+00   3.5445350e+00
   2.2252630e+00   3.2212016e+00   3.5773329e+00
   8.8826829e-01   1.7960744e+00   3.4958529e+00
   1.6774250e+00   1.9646744e+00   3.2020718e+00
   2.9907349e+00   2.6387169e+00   3.8687408e+00
   8.4815410e-01   1.7195436e+00   3.1746028e+00
   9.4027824e-01   2.4426395e+00   3.5264365e+00
  -1.5962831e+00   2.0671658e+00   2.7158305e+00
   1.3474144e+00   2.9655465e+00   3.5345602e+00
   2.5287817e+00   3.0605936e+00   4.1858376e+00
   2.2432027e+00   2.4464922e+00   4.0069352e+00
   2.2082529e+00   3.1245140e+00   4.0073676e+00
   3.2008866e+00   1.9066664e+00   2.9841726e+00
   2.0103947e+00   3.1669293e+00   3.9323125e+00
   2.5324914e+00   2.2208093e+00   3.9167316e+00
   1.2640821e+00   1.7634362e+00   2.8970030e+00
   1.8872841e+00   3.2939773e+00   3.7726948e+00
   1.6256529e+00   1.6508042e+00   3.3692951e+00
   2.2716179e+00   2.7774045e+00   4.1325314e+00
   1.0646682e+00   1.3517471e+00   3.0776158e+00
   1.7973247e+00   2.2160214e+00   2.6404221e+00
   8.9667327e-01   1.4670550e+00   3.0528134e+00
   2.6405203e+00   3.3153499e+00   4.3598062e+00
   2.0143882e+00   3.8316454e+00   4.4369321e+00
   8.0235865e-01   2.1638548e+00   3.1553758e+00
   2.3682067e+00   3.7211707e+00   3.9879947e+00
   1.3621131e+00   3.0344329e+00   3.9909710e+00
   2.6006590e+00   3.1912831e+00   4.0232231e+00
   1.9809450e+00   2.5965379e+00   3.3564327e+00
   9.1591810e-01   2.9222456e+00   3.7499690e+00
  -9.7518620e-02   2.5151971e+00   2.9685095e+00
   2.2129417e+00   3.5519498e+00   4.2365332e+00
   2.9306152e+00   3.5474222e+00   3.8783714e+00
   1.6144405e+00   2.8032545e+00   4.0083098e+00
   1.5593834e+00   2.4728238e+00   4.1071047e+00
   1.0446819e+00   8.2484487e-01   3.2999271e+00
   9.5749893e-02   1.3017529e+00   2.7661511e+00
   1.6453166e+00   3.4101761e+00   3.9131239e+00
   3.8346660e-01   2.4856036e+00   3.0870630e+00
   1.8870151e+00   2.9011693e+00   4.1062439e+00
   2.7658176e+00   3.2016468e+00   3.8464843e+00
   2.0533520e+00   2.9123550e+00   3.7308986e+00
   8.2412041e-01   3.0523636e+00   3.3874336e+00
   5.1134233e-01   1.9161044e+00   3.0030706e+00
   2.2901445e+00   3.0770150e+00   4.0141681e+00
   5.4695921e-01   2.2122730e+00   2.9737010e+00
  -1.3508457e-01   2.5052936e+00   2.3184527e+00
   3.0442872e+00   1.9601068e+00   2.6830540e+00
   1.7345263e+00   3.1409754e+00   3.9244542e+00
   1.6688517e+00   3.5303393e+00   4.0946355e+00
   1.9026736e+00   2.2270568e+00   2.5931505e+00
   1.3403624e+00   2.6161118e+00   4.0946225e+00
   2.8731818e+00   3.3513428e+00   4.1340795e+00
   2.5992837e+00   2.6124241e+00   2.8520617e+00
   1.8262158e+00   2.6913900e+00   3.8218433e+00
   7.9813089e-01   2.3242955e+00   2.8768325e+00
   1.6748881e+00   2.8320836e+00   3.8506738e+00
   2.6436434e+00   3.3373234e+00   3.6570082e+00
   1.9661608e-01   9.0459535e-01   2.9722327e+00
   6.0801272e-01   2.0439860e+00   3.3353177e+00
   2.6200041e+00   3.1357317e+00   4.2791651e+00
   1.7443878e-01   1.7822040e+00   3.4439148e+00
   1.5824083e+00   3.3657351e+00   3.7114367e+00
   2.3553032e+00   2.9251828e+00   3.7166783e+00
   2.1835232e+00   2.8165770e+00   4.1617785e+00
   2.1214946e+00   3.2127939e+00   3.6680353e+00
   2.3664819e+00   2.7261427e+00   3.9031578e+00
   2.3374206e+00   2.7116215e+00   4.0339922e+00
   1.7687240e+00   3.0386799e+00   4.1824482e+00
   1.2935115e+00   1.8819781e+00   3.2513929e+00
   1.5272714e+00   2.0521960e+00   2.8707098e+00
   1.6797357e+00   1.9128667e+00   3.0961086e+00
   1.7008082e+00   3.2531786e+00   4.3553911e+00
   6.8565175e-01   2.1885067e+00   3.4900766e+00
   9.3072462e-01   2.3642912e+00   2.9625771e+00
   1.8113501e+00   2.6755790e+00   4.1066406e+00
   1.6072954e+00   9.6440799e-01   2.7408007e+00
   4.7329186e-01   1.5994682e+00   3.3878454e+00
   1.7898159e+00   2.7159511e+00   4.1382643e+00
   1.7388167e+00   2.2409079e+00   4.2349298e+00
   2.5620326e+00   1.9077333e+00   2.7893730e+00
   2.0065742e+00   2.8042865e+00   3.7467305e+00
   2.9136792e+00   2.5441924e+00   4.0990401e+00
   2.1582500e+00   2.9068793e+00   3.8800159e+00
   1.4671168e+00   2.9296176e+00   3.8880134e+00
   1.5812786e+00   3.0924229e+00   3.9339454e+00
   1.3571308e+00   2.5312115e+00   4.1378464e+00
   1.0234051e+00   1.5460369e+00   2.8488126e+00
   2.6062366e+00   2.6234060e+00   4.0394144e+00
   1.4478658e+00   3.2828304e+00   3.7084198e+00
   2.1090989e+00   2.3050217e+00   4.0990835e+00
   1.7033928e+00   3.4112556e+00   3.9584943e+00
   2.2065678e+00   3.0496431e+00   4.0661215e+00
   1.8188002e+00   3.4154204e+00   3.9019618e+00
   7.6646836e-01   1.9355525e+00   3.2260268e+00
   2.9331273e+00   2.4161905e+00   3.7829897e+00
   2.1326609e+00   2.9663797e+00   3.9359957e+00
   3.3286506e-01   1.0458351e+00   3.4736037e+00
   4.5626366e-01   1.9054891e+00   3.0304081e+00
   1.0125031e+00   1.2813944e+00   3.6977086e+00
   5.9853657e-01   2.1092085e+00   2.9778307e+00
   5.0736018e-01   3.0728667e+00   3.1346569e+00
   1.8405479e+00   3.0083612e+00   4.4246031e+00
   1.2960479e+00   2.1319278e+00   2.4436156e+00
   1.9031091e+00   2.7986347e+00   3.7419800e+00
   9.7217653e-01   1.8035899e+00   2.7082533e+00
   2.6689757e+00   2.8247625e+00   2.7441108e+00
   1.3778364e+00   2.8099888e+00   4.0873612e+00
   2.4642920e+00   3.4957417e+00   3.9119566e+00
   1.3958201e+00   3.3032373e+00   4.1584328e+00
   2.0326513e+00   2.8040179e+00   3.9013442e+00
   3.2964655e+00   2.3711935e+00   2.9404705e+00
   1.6666159e+00   2.7762531e+00   4.1404086e+00
   6.2902044e-01   2.4572499e+00   3.3353869e+00
   1.8754853e+00   2.3436301e+00   4.0889629e+00
   1.6410859e+00   3.3101458e+00   3.8071198e+00
   9.2342573e-01   2.0655744e+00   2.9490469e+00
   3.3127895e+00   2.9938787e+00   3.9963151e+00
   1.7805965e+00   2.5964971e+00   4.1238140e+00
   1.5125404e+00   2.6695567e+00   3.6546318e+00
   1.4289165e+00   2.6270938e+00   4.3389974e+00
   8.2608399e-01   2.1532408e+00   3.8636346e+00
   1.8448689e+00   2.8178054e+00   4.1480517e+00
  -6.2537728e-01   1.9633120e+00   2.6390315e+00
  -8.7550679e-01   2.6327422e+00   3.0012698e+00
   7.1557501e-01   1.7253503e+00   3.0505051e+00
   1.7249061e+00   2.7157445e+00   4.1994188e+00
   1.7756999e+00   3.2770600e+00   4.0416564e+00
   2.1135442e+00   1.8312131e+00   3.4202634e+00
   2.0298164e+00   2.6945370e+00   4.1602085e+00
   2.7497650e+00   2.9813173e+00   3.8618126e+00
   1.0922395e+00   2.2747436e+00   2.3672500e+00
   2.7359715e+00   2.1527946e+00   3.1388180e+00
   1.5263125e+00   2.0150734e+00   2.5482593e+00
   1.4531998e+00   2.6744634e+00   3.6081777e+00
   1.7133618e+00   1.8745913e+00   3.1846469e+00
   1.7984963e+00   3.1886994e+00   4.2011166e+00
   1.1280304e+00   1.3604620e+00   3.0290992e+00
   1.9112620e+00   3.4717723e+00   4.0067109e+00
   1.6394004e+00   2.5928655e+00   2.6944135e+00
   2.9444955e+00   2.7964849e+00   4.1516432e+00
   1.6974637e+00   2.8008442e+00   3.9693151e+00
   1.6005415e+00   3.5127742e+00   4.0016858e+00
   1.3477569e+00   3.6781241e+00   3.8046986e+00
   2.8844258e+00   2.6793211e+00   3.5111558e+00
   1.3983669e+00   3.1390235e+00   3.5205411e+00
   2.5659529e+00   1.7889911e+00   3.0144464e+00
   1.8675794e+00   3.0569257e+00   3.7734652e+00
   3.0662556e+00   1.0286478e+00   3.3834369e+00
   9.0128507e-01   1.5250166e+00   2.9250144e+00
   8.8493461e-01   2.5379927e+00   3.0875973e+00
   1.8354555e+00   2.9633150e+00   4.0494433e+00
   2.3477193e+00   1.2304653e+00   2.4002003e+00
   1.4814097e+00   2.8015940e+00   3.6618559e+00
   7.1088205e-01   2.1500855e+00   2.6858004e+00
   2.1049905e+00   2.9546557e+00   3.4654753e+00
   3.7669827e-01   2.0953071e+00   4.1083383e+00
   5.1652696e-01   1.5614611e+00   2.5347130e+00
   2.2220516e+00   2.3784505e+00   4.2245623e+00
   2.8849598e-01   2.3577545e+00   2.5738961e+00
   2.0970984e+00   3.9134577e+00   4.2814532e+00
   2.3041375e+00   3.4751207e+00   4.2018719e+00
   2.9304786e+00   2.1671286e+00   3.8780431e+00
   8.9919447e-01   2.0291675e+00   2.6760738e+00
   2.7307352e+00   2.8119838e+00   3.9619083e+00
   1.1527835e+00   1.5589497e+00   2.9179195e+00
   7.6304013e-01   2.4859524e+00   2.5822076e+00
   1.9999311e+00   3.1219393e+00   4.3536781e+00
   2.1067270e+00   2.6644789e+00   3.8758697e+00
   1.5166628e+00   2.7554446e+00   3.6952487e+00
   1.0404019e-01   2.2947648e+00   3.1979308e+00
   7.2501383e-01   2.4833758e+00   3.1703004e+00
   2.9456932e+00   2.0594280e+00   2.7278004e+00
  -1.1332192e-01   2.3518685e+00   3.2208499e+00
   6.2672381e-01   2.0658858e+00   3.1832373e+00
   3.1378937e+00   2.8306221e+00   3.9639062e+00
   3.2129658e+00   2.2453196e+00   3.0114453e+00
   1.7984607e+00   2.8558534e+00   3.5171913e+00
   2.5066292e+00   1.5700209e+00   2.4984328e+00
   4.1082413e-01   2.7219932e+00   2.6299919e+00
   7.4235136e-01   2.1973946e+00   3.2151814e+00
   1.7238336e+00   3.1947574e+00   4.2234529e+00
   1.3751231e+00   1.6781777e+00   2.9641453e+00
   1.9698160e+00   2.9541663e+00   4.1247857e+00
   2.3244273e-01   2.1683057e+00   3.1876961e+00
   1.2300222e+00   2.0435718e+00   2.7807278e+00
   1.9807436e+00   3.2766668e+00   3.5792724e+00
   2.4048613e+00   2.9791859e+00   4.0046542e+00
   1.4843152e+00   2.8253870e+00   2.6893187e+00
   1.8767170e+00   2.1182159e+00   3.0950224e+00
   2.1660572e+00   2.9645747e+00   4.2511812e+00
   1.7416901e+00   3.2357543e+00   3.6160539e+00
   7.1860983e-01   2.8487268e+00   3.2392227e+00
   1.4676763e+00   3.0992762e+00   4.0549283e+00
  -3.3107173e-01   1.5046222e+00   3.8472540e+00
   1.6848847e+00   2.7618909e+00   2.8819534e+00
   1.3448286e+00   3.0230561e+00   2.4758777e+00
   1.8745946e+00   2.4942158e+00   4.5269108e+00
   9.8701241e-01   5.9064428e-01   2.8067657e+00
   2.3941929e+00   2.4869435e+00   3.1220741e+00
   2.5238613e+00   3.3467019e+00   2.7754935e+00
   4.3465479e-01   2.4888283e+00   2.8412697e+00
   1.4389247e+00   2.7752013e+00   2.5888960e+00
   5.0177760e-01   1.9612451e+00   2.5243126e+00
   1.1668881e+00   1.3197209e+00   3.1638757e+00
   2.2153348e+00   2.8577063e+00   4.0564714e+00
   9.2959652e-01   2.3751765e+00   2.8299974e+00
   1.5166398e+00   2.6456275e+00   4.0378813e+00
   7.7549443e-01   1.8406472e+00   2.4067631e+00
   1.9170621e+00   3.1252380e+00   3.7842756e+00
  -1.5978679e-01   1.5406707e+00   2.9849198e+00
   2.2306348e+00   2.4999182e+00   4.2429166e+00
   3.0397447e+00   3.0198822e+00   4.5043055e+00
  -3.7051277e-01   2.3830272e+00   3.0392132e+00
   1.8653952e+00   2.9918451e+00   4.2987989e+00
   1.3073480e+00   2.6009312e+00   3.8515258e+00
   2.0394525e+00   2.8040447e+00   4.5549324e+00
   7.2120411e-01   1.8531537e+00   2.7340385e+00
   1.6661671e+00   2.8099815e+00   3.9564139e+00
   5.2175199e-01   1.5138142e+00   3.1897332e+00
   2.3791443e+00   2.1081278e+00   2.5625512e+00
   1.8234048e+00   3.1201672e+00   4.0350854e+00
   2.0113986e+00   1.8361682e+00   3.3507405e+00
   1.5943392e+00   3.0414345e+00   4.0826876e+00
   2.2963579e+00   1.7161608e+00   2.8172544e+00
  -5.8013330e-01   1.9124034e+00   3.0378664e+00
   5.3888568e-01   2.3447781e+00   3.5189533e+00
   1.2754381e+00   2.7818357e+00   3.7621819e+00
   2.5619404e+00   2.1296034e+00   3.1393722e+00
   2.3275917e+00   3.6272240e+00   3.8147078e+00
   5.8393742e-01   2.0231570e+00   1.9791676e+00
   2.2555027e-02   2.2611043e+00   2.5907672e+00
   1.3302625e+00   2.4696096e+00   2.8895999e+00
   1.7963004e+00   2.5451750e+00   3.5963228e+00
   2.2718341e+00   2.6666047e+00   4.3026197e+00
   1.6675127e+00   1.8541570e+00   2.7329666e+00
   2.1096797e+00   2.8142449e+00   3.9612204e+00
   2.0272855e+00   3.1891833e+00   4.1230396e+00
   2.7157283e+00   2.1047767e+00   3.1421317e+00
   2.3004746e+00   3.4798506e+00   3.9004154e+00
   1.1720989e+00   1.6814691e+00   2.8232725e+00
   9.3695905e-01   1.7408824e+00   3.1509269e+00
   1.8787101e+00   2.7039261e+00   4.4500035e+00
   2.5682708e+00   3.6407959e+00   4.1800445e+00
   1.9927235e+00   2.9945197e+00   4.1748765e+00
   1.9447223e+00   2.5665882e+00   4.1654998e+00
   1.5154142e+00   2.9557434e+00   4.3065898e+00
   8.6020589e-01   2.9479379e+00   4.0414914e+00
   2.7986294e+00   2.9305757e+00   3.9804321e+00
   2.8288024e+00   2.9419306e+00   2.4503311e+00
   1.4802990e+00   3.2546189e+00   2.7156021e+00
   1.0785856e+00   1.8799943e+00   2.2153772e+00
   1.5477833e+00   3.8330471e+00   4.0489882e+00
   1.0032960e+00   1.5842585e+00   3.2669352e+00
   1.8177414e+00   2.4438537e+00   3.2205317e+00
   2.2709623e+00   2.3871967e+00   4.4743723e+00
   2.3326430e+00   2.7462181e+00   2.8711076e+00
   2.2770494e+00   3.2478872e+00   4.1551032e+00
   1.5109564e+00   2.8265371e+00   2.9150541e+00
   1.4539829e+00   1.4957091e+00   2.7962094e+00
   1.1689284e+00   2.7811952e+00   3.9420393e+00
   1.2699745e+00   3.3160063e+00   3.7562290e+00
   2.2001749e+00   3.4445430e+00   4.3268937e+00
   4.3346206e-04   1.7842037e+00   2.4733602e+00
   1.9424297e+00   2.4914205e+00   4.1172320e+00
   5.1207358e-01   2.4924009e+00   3.0787456e+00
  -2.9754703e-01   2.1328155e+00   2.9660959e+00
   2.3563080e+00   2.5924616e+00   4.0119891e+00
   3.0383337e+00   2.4360996e+00   4.0986251e+00
   2.2703117e+00   2.6378745e+00   4.1905907e+00
   3.2920447e+00   2.8113706e+00   3.6605328e+00
   2.8640585e+00   2.5044071e+00   2.9775189e+00
  -3.6549649e-01   2.8156407e+00   3.5237695e+00
   1.0347562e+00   2.7986457e+00   3.8550553e+00
   3.3502602e+00   1.3842320e+00   3.0558418e+00
   1.8004699e+00   3.1831383e+00   4.2283850e+00
   2.0407743e+00   2.8922347e+00   3.8644453e+00
  -9.2216205e-01   2.5123754e+00   3.3698293e+00
   1.8793797e+00   2.9302114e+00   4.0648215e+00
  -2.5411284e+00   2.3670370e+00   2.6658935e+00
   1.1178270e+00   2.1341370e+00   2.8819763e+00
   2.1396421e+00   1.9482156e+00   3.1543517e+00
   9.4500443e-01   1.0639157e+00   2.7373848e+00
   1.0100401e+00   1.6972792e+00   2.8569917e+00
   1.1279666e+00   3.6176915e+00   4.3319031e+00
   2.5548478e+00   2.7618297e+00   4.1010663e+00
   1.4523556e+00   1.4022492e+00   3.4954555e+00
   2.9013744e+00   3.4314030e+00   4.3723811e+00
   7.7112514e-01   1.9962094e+00   3.0990628e+00
   1.8868134e+00   1.6231224e+00   3.6016723e+00
   1.8115284e+00   2.6968165e+00   4.1073484e+00
  -1.5546046e-01   2.4247633e+00   2.8839965e+00
  -1.6557302e-01   2.3291852e+00   2.9023517e+00
  -3.1543879e-01   2.1617729e+00   3.1250341e+00
   2.1738518e+00   2.6504630e+00   3.5761484e+00
   1.6336133e+00   2.0240966e+00   3.5997447e+00
   7.9305834e-01   2.8186903e+00   3.3961090e+00
   1.4777997e+00   1.7311747e+00   2.6621360e+00
   2.5029931e+00   2.6096689e+00   2.7303362e+00
   1.4615541e+00   1.6350749e+00   3.6219211e+00
   2.1323154e+00   3.0365667e+00   4.3104187e+00
  -1.2200114e+00   2.4436879e+00   2.8604565e+00
   1.8066148e+00   1.9915519e+00   2.5607835e+00
   2.4773653e+00   3.1113414e+00   3.9374106e+00
   2.0071008e+00   2.6726008e+00   3.1629869e+00
   1.9335519e-02   1.8291195e+00   3.2898916e+00
   1.0086348e+00   1.2094946e+00   2.8269829e+00
   1.4570374e+00   2.8759592e+00   4.3058108e+00
   2.3417753e-01   1.9026654e+00   3.6950030e+00
  -1.1434489e+00   1.7768394e+00   3.1206217e+00
   1.8189538e+00   1.5469973e+00   2.6468309e+00
   1.7379152e+00   1.6801168e+00   3.1217453e+00
   1.6591934e+00   2.6582604e+00   4.2966595e+00
   1.9806796e+00   2.8975592e+00   4.0832178e+00
   1.9906042e+00   3.2196763e+00   3.8635982e+00
  -1.2587871e-01   1.5140648e+00   2.8192420e+00
   1.7619645e+00   2.4538525e+00   3.7156901e+00
   2.6231314e+00   3.5435204e+00   3.8589369e+00
   2.4247669e+00   2.2268471e+00   3.3063159e+00
   6.6571292e-02   1.6034895e+00   3.0522525e+00
   2.1510341e+00   2.6605631e+00   3.7646992e+00
   2.4589770e+00   2.6869601e+00   4.2420723e+00
   2.2250466e+00   2.2170217e+00   3.0667014e+00
   4.6167444e-01   2.5632475e+00   2.6782922e+00
  -1.6553405e-01   2.6748359e+00   3.4431777e+00
   1.2872504e+00   1.8852574e+00   2.7281568e+00
   1.1154187e+00   1.5412002e+00   3.1609191e+00
   2.4191194e+00   1.9880581e+00   2.9390523e+00
   1.2903652e+00   2.4251922e+00   2.7425519e+00
  -4.3468453e-01   1.8043094e+00   2.6905820e+00
   1.1460027e+00   2.3605703e+00   2.8592431e+00
  -1.4068654e-02   2.7064177e+00   3.3571981e+00
   4.5051269e-01   2.5168616e+00   2.6171577e+00
   2.7051511e+00   2.7010024e+00   4.1007800e+00
   2.4793881e+00   9.4781699e-01   2.9993049e+00
   1.4815437e+00   2.4857489e+00   3.9148633e+00
   3.1228689e+00   2.3986791e+00   2.7477526e+00
   2.6852073e+00   3.2614998e+00   3.5908991e+00
   2.2357206e+00   3.7388536e+00   3.7155997e+00
   1.4503048e+00   2.9453262e+00   4.0829648e+00
   1.1175201e+00   2.6559460e+00   3.5781311e+00
   5.7157124e-01   1.2229623e+00   3.0788983e+00
   1.5479464e+00   3.6718255e+00   3.8459660e+00
  -2.1620907e-01   2.1585968e+00   2.7493805e+00
   2.5931121e+00   2.3815000e+00   4.1349347e+00
   1.6755043e+00   3.1507482e+00   4.2417400e+00
   1.9059817e+00   2.9323166e+00   4.0045442e+00
   2.0835337e+00   3.1824286e+00   3.6822404e+00
   5.0988867e-01   2.8763738e+00   3.0897936e+00
   7.4959432e-01   2.3998442e+00   3.1905720e+00
   1.9845472e+00   2.3362285e+00   3.2677670e+00
   9.7055414e-01   1.9691661e+00   2.8737752e+00
  -2.3076024e-01   2.5113875e+00   2.6957748e+00
   1.1241721e+00   2.4025517e+00   2.7086332e+00
   2.9204789e+00   2.7362632e+00   4.0262485e+00
  -2.4777455e-03   1.7222694e+00   3.2599651e+00
   2.0695865e+00   2.8768989e+00   4.1539791e+00
   3.1321181e+00   1.9180787e+00   3.1728581e+00
   1.4039561e-01   1.6934001e+00   3.1488015e+00
   1.7495958e+00   1.4229487e+00   2.8132369e+00
   1.5908018e+00   3.5309589e+00   3.7393875e+00
   2.4409002e+00   3.2587243e+00   3.9692762e+00
   1.4841544e+00   2.7900867e+00   4.0029065e+00
   1.7747074e+00   3.5475420e+00   4.2876861e+00
   3.1210801e+00   3.4072786e+00   4.3286382e+00
   8.0297520e-01   1.9167769e+00   2.5489840e+00
   2.4178044e+00   3.0299856e+00   3.7236926e+00
   1.4995860e+00   1.0625670e+00   2.7137369e+00
   2.2660791e+00   2.9007948e+00   4.0021220e+00
   2.1890570e+00   3.2152118e+00   4.5908170e+00
   2.0433445e+00   1.5644668e+00   2.9865746e+00
   3.5015391e-01   1.5696494e+00   3.5138178e+00
   2.4807100e+00   3.1614420e+00   3.9963610e+00
   2.5194256e+00   2.4383203e+00   3.1414862e+00
   2.1155943e+00   3.2305721e+00   3.7008208e+00
   7.8190371e-01   1.8190441e+00   2.8139685e+00
   2.6887248e+00   2.7273496e+00   3.8755296e+00
   1.8662917e+00   2.5020006e+00   4.3731040e+00
   5.3127699e-01   3.5108119e+00   3.9603233e+00
   1.9685389e+00   2.6316488e+00   2.8336823e+00
  -9.9970851e-01   2.3605232e+00   2.7492284e+00
  -1.3826056e+00   2.0722210e+00   2.6837268e+00
  -1.6419422e-01   1.9347385e+00   2.5410630e+00
   1.6301905e+00   2.8788151e+00   3.9830666e+00
   1.2791937e+00   1.5082998e+00   3.2738291e+00
   1.9316358e+00   2.2338062e+00   4.1106976e+00
   2.1920328e+00   2.6756809e+00   3.8614873e+00
   1.3330401e+00   2.2229532e+00   2.8406649e+00
   1.0841675e+00   1.9507185e+00   2.5922659e+00
   2.5332839e+00   2.9434355e+00   4.1907908e+00
   2.6223068e+00   3.4322573e+00   3.5160698e+00
   5.3336591e-01   1.9242307e+00   3.1374134e+00
   1.7589815e+00   2.1272448e+00   3.0962125e+00
   2.3537005e+00   2.7755433e+00   3.7400385e+00
   1.8009534e+00   2.7775868e+00   3.7719619e+00
   2.0799514e+00   3.0945497e+00   3.9111712e+00
   2.4126693e+00   3.0009145e+00   3.0043223e+00
   2.3748829e+00   3.2125799e+00   4.0998602e+00
   5.8006246e-01   1.9171962e+00   3.1646306e+00
   1.3108020e-01   2.3739512e+00   2.6213954e+00
   2.1334378e+00   3.3105958e+00   4.1318815e+00
   1.1442268e+00   2.5943087e+00   3.3843579e+00
   1.9340540e+00   1.8573316e+00   3.5903934e+00
   1.1194506e+00   3.2187104e+00   3.7111626e+00
   2.5398150e+00   3.1748033e+00   4.6377896e+00
   2.1633089e-01   2.4163587e+00   3.2059709e+00
   2.2198390e+00   3.2914530e+00   3.7857291e+00
   8.9709439e-01   2.9130176e+00   4.0378376e+00
   2.9532301e+00   2.9644903e+00   3.8490632e+00
   2.5184933e+00   2.3367008e+00   3.7064940e+00
   2.8844600e-01   2.2039813e+00   3.4023251e+00
   2.2340059e+00   3.2070128e+00   3.9413895e+00
   2.5554409e+00   2.3290684e+00   2.8360588e+00
   1.4008507e+00   2.7399255e+00   3.8724477e+00
   1.7741055e+00   3.0024639e+00   4.1979102e+00
   1.4942816e+00   1.5496305e+00   3.0688243e+00
  -4.0192114e-01   1.7999041e+00   3.2327447e+00
   1.9317657e+00   2.0756027e+00   3.1328806e+00
   2.1245925e+00   3.4769583e+00   3.9412929e+00
   2.6251781e+00   2.1619553e+00   3.0324834e+00
   9.8400764e-01   2.6086645e+00   2.8523679e+00
   2.5385682e+00   2.6026857e+00   4.1679938e+00
   2.0195027e+00   3.0104829e+00   4.4203627e+00
   1.2063304e+00   2.2652471e+00   3.2176774e+00
  -9.8700957e-01   2.7000405e+00   2.9145311e+00
   1.9381726e+00   1.8977133e+00   3.0326502e+00
  -2.4277348e-01   1.5909634e+00   3.5234772e+00
   1.2991230e+00   2.8337773e+00   4.0148316e+00
   1.2095038e+00   2.0328676e+00   3.2637511e+00
   1.2937561e+00   3.2070131e+00   4.3652961e+00
   2.4340957e+00   2.5723322e+00   4.2627894e+00
   1.9384138e+00   2.5328263e+00   3.8983259e+00
   1.1063300e+00   2.0994719e+00   2.6761151e+00
   2.9388667e+00   2.2060361e+00   3.1708553e+00
   2.5811284e+00   1.7846607e+00   3.1792027e+00
   1.7676467e+00   1.8753782e+00   2.9690100e+00
   2.2909475e+00   2.7387485e+00   3.9222182e+00
   2.3284183e+00   3.5965537e+00   3.9348536e+00
   5.3115962e-02   1.7397500e+00   3.4205552e+00
   5.8434870e-01   3.2343017e+00   3.9398566e+00
   1.8195745e+00   3.1717059e+00   4.0120819e+00
   1.0188616e+00   2.8413001e+00   4.0315212e+00
   2.3163965e+00   2.8725927e+00   4.0094799e+00
  -1.0297557e+00   1.5989345e+00   3.0351797e+00
   2.6010674e+00   2.5751445e+00   3.6693892e+00
   3.4304765e+00   2.3203342e+00   3.1818927e+00
   1.5890545e-01   2.1557760e+00   2.4536196e+00
   4.4121802e-01   2.4269430e+00   2.4602287e+00
   5.5467612e-01   1.6841392e+00   2.8974387e+00
   1.0340545e+00   1.9082564e+00   3.1152420e+00
   1.3927295e+00   2.8160968e+00   3.8494372e+00
   2.0314250e+00   2.8861225e+00   3.9268448e+00
   2.1247363e+00   3.2418194e+00   3.6256736e+00
   1.5273533e+00   3.2921083e+00   3.8245108e+00
   2.6787856e+00   3.0646935e+00   3.7977714e+00
   2.0372771e+00   3.3212328e+00   4.1213358e+00
   2.1759099e+00   2.9262154e+00   4.2135567e+00
   1.0955239e+00   1.8730771e+00   2.5734605e+00
   1.8606681e+00   1.7704316e+00   2.5880349e+00
   8.6680360e-01   2.5223454e+00   3.2193486e+00
   2.2244342e+00   2.8485817e+00   4.0848114e+00
   1.4336534e+00   1.5040763e+00   2.9625876e+00
   2.6850557e+00   2.8493582e+00   3.4838366e+00
   2.4444067e+00   2.8762578e+00   3.6221574e+00
   6.9976834e-01   1.9252473e+00   2.9938505e+00
   8.7176668e-01   2.4056317e+00   3.0209245e+00
   2.8793185e-01   2.1578538e+00   3.3863115e+00
   2.3020010e+00   2.5867998e+00   3.9877561e+00
  -1.1463161e+00   2.1314273e+00   2.9994556e+00
   1.6467528e+00   3.1476956e+00   3.9964872e+00
  -3.2893530e-01   1.3062203e+00   3.6785118e+00
   1.2053848e+00   1.8824144e+00   2.8669050e+00
   2.1441025e+00   3.0323364e+00   4.1175016e+00
   2.6697014e+00   3.3071419e+00   3.7200441e+00
   2.8931214e+00   3.0203142e+00   3.8882333e+00
   2.1637521e+00   2.9376585e+00   4.1032975e+00
   3.2483960e+00   2.1400617e+00   2.8149900e+00
   2.0806891e+00   1.9850579e+00   2.9893090e+00
   1.6832229e+00   2.7019271e+00   3.9969702e+00
   2.6116632e+00   2.6202657e+00   4.0362820e+00
   1.4558524e+00   2.4525190e+00   4.3565693e+00
   3.2041885e-01   1.6276690e+00   3.0215952e+00
   2.1169391e+00   2.9497361e+00   3.9463863e+00
   8.0180278e-01   3.1084915e+00   3.0903414e+00
   5.7453632e-01   1.9747734e+00   2.3774462e+00
   1.5925393e+00   1.1239842e+00   3.0414478e+00
   7.9603836e-01   1.2325132e+00   3.0765203e+00
   2.1674888e+00   2.5418619e+00   3.8308766e+00
  -1.2587993e+00   2.3952113e+00   3.2614562e+00
   7.5081363e-01   1.4127381e+00   2.6035586e+00
   3.7861526e-02   2.3013095e+00   3.2381689e+00
   2.2082028e+00   2.8980891e+00   4.4401610e+00
  -8.8987250e-01   2.7422171e+00   2.8752222e+00
   1.7361228e+00   2.7232193e+00   3.8180731e+00
   3.6095204e+00   3.1162146e+00   3.9219290e+00
   3.8171467e-02   2.0037060e+00   2.9691603e+00
   2.0141316e+00   3.0417791e+00   3.8511107e+00
  -1.8535118e-01   1.4826523e+00   3.1242744e+00
   2.3793776e+00   2.6288963e+00   3.1177425e+00
   7.5775102e-01   3.0592947e+00   4.1379469e+00
   2.4221183e+00   3.0881256e+00   4.4635446e+00
   2.3344060e+00   3.0620252e+00   2.9747161e+00
   9.1203614e-01   1.7695326e+00   3.1548935e+00
   2.0101864e+00   2.8474151e+00   3.8535573e+00
   1.3429014e+00   2.1261106e+00   3.2443730e+00
   1.9238170e+00   2.9360692e+00   3.5198140e+00
  -5.0584095e-01   2.1854500e+00   2.8432563e+00
   8.3193385e-01   2.3944834e+00   2.6746438e+00
   9.6606902e-01   1.7000685e+00   2.5564405e+00
  -4.9731434e-02   2.0583285e+00   2.5222630e+00
   1.7459842e+00   2.7303694e+00   3.8707840e+00
   4.3105553e-01   2.3650978e+00   2.9433763e+00
   2.0987784e+00   2.9311338e+00   3.9434139e+00
   1.8961967e+00   3.1967611e+00   3.7376546e+00
   1.9518551e+00   1.6260882e+00   2.8866255e+00
   3.1334377e+00   1.4766320e+00   2.8247962e+00
   1.4907467e+00   2.1123202e+00   3.3165777e+00
   2.7208845e+00   2.7005710e+00   4.0199849e+00
   1.5361995e+00   3.1245947e+00   4.0864122e+00
   1.8133032e+00   3.2551094e+00   4.1169152e+00
   3.0428092e+00   3.2302802e+00   3.9899497e+00
  -4.3719904e-01   1.5758689e+00   3.0642746e+00
   1.4443573e+00   1.5130174e+00   3.6361056e+00
   1.4896955e+00   2.5130906e+00   3.9339934e+00
   2.0430924e+00   3.1284316e+00   3.9522029e+00
   2.8483950e+00   3.3324412e+00   3.7060872e+00
   8.3583272e-01   2.3021762e+00   3.4388540e+00
   1.5474297e+00   3.4515533e+00   3.9015395e+00
   1.3522402e+00   3.1812094e+00   2.7342560e+00
   2.1596879e+00   3.0291770e+00   4.0339530e+00
   2.2940901e+00   2.0655334e+00   2.7070231e+00
   3.3601213e+00   2.6119891e+00   3.1542012e+00
   1.1640979e+00   2.7320745e+00   2.8263695e+00
   1.5953363e+00   3.0837819e+00   3.9917129e+00
   1.1365103e+00   2.9077544e+00   3.1046207e+00
  -1.3141900e+00   2.2958805e+00   2.8617714e+00
   2.3114412e+00   2.7834396e+00   4.1103513e+00
   8.4938146e-01   2.7237020e+00   4.0926854e+00
   2.6663375e+00   2.0423825e+00   3.5350366e+00
   1.4340364e+00   3.1120222e+00   4.0242377e+00
   1.6759804e+00   3.4928815e+00   3.4925278e+00
  -6.4506415e-01   1.7024344e+00   3.0790887e+00
   2.1027669e+00   2.9048400e+00   3.8967968e+00
   7.5786915e-01   1.2787282e+00   3.3239836e+00
   2.3858901e+00   2.6587591e+00   3.7314768e+00
   7.4282313e-01   2.8959323e+00   2.7363332e+00
   1.9442959e+00   1.2815689e+00   3.0451659e+00
   1.9112755e+00   2.7320618e+00   3.7424641e+00
   8.9664921e-01   1.8190882e+00   2.7321249e+00
   2.2343160e+00   1.7930951e+00   2.8153535e+00
   2.1281534e+00   2.7005334e+00   3.8531020e+00
   2.8368195e+00   1.4290853e+00   2.8773304e+00
  -8.7529996e-01   2.5323537e+00   3.3676596e+00
   5.4216356e-01   5.1501376e-01   2.5144571e+00
   1.3380049e+00   2.5262797e+00   3.8187809e+00
   5.9369783e-01   1.6745627e+00   3.0367042e+00
   1.4172104e+00   2.5521278e+00   3.1945377e+00
   2.2420547e+00   2.8221363e+00   4.2011800e+00
   1.9424692e+00   3.1207170e+00   3.8639028e+00
   1.2819431e+00   3.3664478e+00   4.2119778e+00
   1.9058047e+00   2.6996493e+00   3.6014283e+00
   1.9358978e+00   3.4348625e+00   4.4493893e+00
   1.7574304e+00   2.8790392e+00   4.4608000e+00
   2.4514388e+00   3.1375451e+00   3.8696006e+00
   2.9423371e+00   1.3290275e+00   3.1593711e+00
   1.9394114e+00   3.1225897e+00   4.0327859e+00
   2.1287619e+00   2.6872087e+00   4.1150880e+00
   1.8368388e+00   3.0626912e+00   3.6632009e+00
  -9.3757411e-01   2.4952581e+00   3.1422591e+00
   1.7361557e+00   3.0873324e+00   3.7222837e+00
   7.0491830e-01   1.6579983e+00   2.7624171e+00
  -8.9504116e-01   1.4157589e+00   2.7545488e+00
   2.7119792e+00   3.3527085e+00   4.2236724e+00
   2.4229304e+00   2.8776665e+00   3.9690459e+00
   2.1227101e+00   2.7097092e+00   3.8786765e+00
   2.1553930e+00   2.9940114e+00   4.0958817e+00
   2.5454274e+00   1.2364551e+00   3.5869717e+00
   3.1230406e+00   1.3784822e+00   3.3021891e+00
   2.3682323e+00   3.0110680e+00   4.3525959e+00
   2.2240465e+00   3.3789443e+00   4.0369059e+00
   2.0790352e+00   3.0767431e+00   4.1286924e+00
  -4.8850238e-01   1.7600721e+00   3.0226402e+00
   1.8731245e-01   2.5956471e+00   2.4135042e+00
   1.3682849e+00   1.8493500e+00   3.4098806e+00
   1.1689696e+00   2.3919404e+00   3.0007945e+00
   1.8887659e+00   3.1016874e+00   4.0579810e+00
   7.9816622e-01   1.9953938e+00   3.0555952e+00
   2.3535221e+00   3.0491932e+00   4.0620459e+00
   2.0209557e+00   3.1293402e+00   3.9715032e+00
   1.2632750e+00   2.6504576e+00   2.7245135e+00
   2.4427515e+00   3.7213754e+00   3.6939682e+00
   5.4221460e-02   3.1144716e+00   3.1312158e+00
   1.2920242e+00   2.9722485e+00   3.9546314e+00
   1.6639626e+00   2.2281884e+00   3.7641190e+00
   2.5004993e+00   2.6806391e+00   4.0255559e+00
   2.0020438e+00   2.3250963e+00   3.5143180e+00
   1.5857245e+00   3.3477313e+00   4.2448423e+00
   1.7419677e+00   3.0217375e+00   3.9062259e+00
   7.4472027e-01   3.1664581e+00   3.9707816e+00
   2.6478508e+00   7.8455752e-01   2.7204392e+00
   1.2337612e+00   1.8416394e+00   2.7391216e+00
   2.0163046e+00   2.9762907e+00   4.2351087e+00
   2.4306090e+00   2.9302128e+00   4.0714366e+00
   1.6559987e+00   3.3272847e+00   4.0907053e+00
   1.9029492e+00   2.6267608e+00   4.1479363e+00
   1.9420844e+00   2.2288295e+00   3.7503710e+00
   1.8370458e+00   2.9904228e+00   4.2034181e+00
   2.7100433e+00   3.0251910e+00   3.9863486e+00
   2.0668532e+00   3.0606891e+00   4.0538369e+00
   1.7758209e+00   2.5774581e+00   3.7736300e+00
   1.1596650e+00   1.0805500e+00   3.2548401e+00
   1.0113706e+00   9.1396200e-01   2.8138119e+00
   1.1305691e+00   2.0452408e+00   3.1341514e+00
   2.2151266e+00   2.8499171e+00   4.2306434e+00
   1.0311756e+00   3.6207155e+00   3.6095266e+00
   2.0594133e+00   3.1339581e+00   3.6782659e+00
   1.7420904e+00   9.4232685e-01   3.2691547e+00
   1.7487318e+00   2.4494276e+00   4.2714755e+00
   2.5931037e+00   1.5002564e+00   3.3446419e+00
   1.7275150e+00   2.8630880e+00   3.9019311e+00
   1.7210695e+00   2.7100292e+00   3.6836832e+00
   2.0878641e+00   2.8849167e+00   3.7989498e+00
   1.5261422e+00   2.8960719e+00   4.5126796e+00
   2.2992253e+00   2.9290689e+00   3.6184928e+00
   1.0018653e+00   1.7468945e+00   2.7598150e+00
   2.1961853e+00   3.4456336e+00   4.0472631e+00
  -2.1645968e-01   2.1341923e+00   2.4918891e+00
   9.7952450e-01   1.2111433e+00   2.8025977e+00
   1.8484624e+00   3.0515797e+00   4.3594973e+00
   3.3944713e+00   1.8647268e+00   2.9503158e+00
   2.2030499e+00   3.1216865e+00   4.2134627e+00
   2.1224050e+00   2.7279963e+00   3.7435765e+00
   1.6172875e+00   1.0175301e+00   2.7540637e+00
   3.3207843e+00   1.9172208e+00   3.2608087e+00
   1.1747472e+00   2.4660354e+00   2.9948203e+00
   1.5227482e+00   2.4338196e+00   2.8128615e+00
   1.3716325e-01   1.9686784e+00   3.1027991e+00
   1.8933848e+00   2.8272023e+00   4.0025029e+00
   2.5604583e+00   3.2214273e+00   3.5409809e+00
   2.4121444e+00   3.1966462e+00   4.0698876e+00
   7.9508241e-01   2.7814622e+00   3.1672422e+00
   1.7931174e+00   2.2345843e+00   3.0205829e+00
   1.2752979e-01   2.1053750e+00   2.8249428e+00
   1.4064062e+00   2.7864586e+00   4.0961142e+00
   9.4622921e-01   1.9262901e+00   3.3610932e+00
   2.0530566e+00   3.1479992e+00   4.1465452e+00
   1.8423330e-01   1.5722863e+00   3.1835828e+00
   2.5922609e+00   3.0270432e+00   3.7109037e+00
   2.2122257e+00   2.7390057e+00   4.0657778e+00
   2.3259823e+00   3.0922661e+00   4.3090938e+00
   1.9537059e+00   3.0343610e+00   4.2243811e+00
  -9.6093338e-02   1.7843177e+00   2.6398733e+00
   2.2749795e+00   3.4330992e+00   4.3748208e+00
   9.4618039e-01   3.3271802e+00   4.2278236e+00
   2.4175814e+00   2.7456205e+00   3.8625542e+00
   2.2765159e+00   3.4130967e+00   3.9912916e+00
  -9.6099423e-02   1.7224729e+00   3.0536731e+00
   1.8067649e+00   3.2954379e+00   3.7255923e+00
   2.0577362e+00   2.8428601e+00   4.0736067e+00
  -6.4765011e-01   2.1316477e+00   2.9698824e+00
   1.7719767e+00   1.7101727e+00   3.2391508e+00
   9.4263358e-01   2.5698705e+00   2.9918553e+00
   1.9146696e+00   2.8742179e+00   4.0787359e+00
   1.7835280e+00   3.3683221e+00   4.0824488e+00
   1.8792376e+00   1.7858709e+00   2.6989525e+00
   1.7277906e+00   2.0944114e+00   3.0143808e+00
   2.5664099e+00   2.6287325e+00   4.4109189e+00
   6.0080629e-01   1.9595645e+00   2.7081105e+00
   3.0535450e-01   2.1051086e+00   2.1504235e+00
   1.1882171e+00   1.9206145e+00   2.2681801e+00
   1.9647646e+00   2.3150297e+00   3.5042769e+00
   3.2605529e-01   2.0172291e+00   3.2524297e+00
   2.2121502e+00   2.7514829e+00   2.9276904e+00
   7.7795574e-01   2.4009450e+00   3.3028557e+00
   2.4734046e+00   2.6619197e+00   3.8433847e+00
   1.8688869e+00   1.1374233e+00   3.0024021e+00
   1.2768863e+00   2.9895602e+00   3.9240849e+00
   2.7345068e+00   3.0074799e+00   3.9858940e+00
   2.0325676e+00   3.1932897e+00   4.2095085e+00
   1.2007324e-01   1.9413287e+00   2.4765243e+00
   1.2718782e+00   2.5607799e+00   3.7227344e+00
   1.3784422e+00   2.7391409e+00   4.0631274e+00
  -3.0033484e+00   2.1061858e+00   3.3345919e+00
   2.5235368e+00   3.1435782e+00   3.3242175e+00
  -1.3057532e+00   1.8679966e+00   2.7345599e+00
   2.0668645e+00   3.4405951e+00   3.8694169e+00
   1.0303330e+00   2.1170987e+00   2.9884138e+00
   2.7518259e+00   2.6748657e+00   4.3322951e+00
   2.1804385e+00   3.7868721e+00   3.9944107e+00
   2.5457263e+00   2.8406002e+00   3.6830583e+00
   2.4111691e+00   3.7355217e+00   4.0767282e+00
   1.4197597e+00   3.0811283e+00   3.9978034e+00
   1.7813890e+00   3.0340838e+00   4.3005767e+00
   1.8516145e+00   1.4684753e+00   3.3846473e+00
   2.8303320e+00   2.6274792e+00   3.8696493e+00
   1.6608615e+00   3.0155303e+00   4.0297904e+00
   2.0313784e+00   3.4246280e+00   3.5086522e+00
   1.2179537e+00   1.9338480e+00   3.1614537e+00
   2.6657028e+00   3.1007022e+00   4.2356646e+00
   1.6924380e+00   2.6767483e+00   3.8126557e+00
   2.7820409e+00   3.4168292e+00   4.3624987e+00
   1.2485974e+00   3.4256089e+00   3.7991404e+00
   1.9805868e+00   2.0108873e+00   2.5987171e+00
   1.7373741e+00   4.1744751e+00   3.6690770e+00
   1.8362603e+00   2.8333369e+00   3.3544816e+00
   1.6820972e+00   2.8296352e+00   3.9668616e+00
   7.6861001e-01   1.7611055e+00   3.0251840e+00
   2.2614672e+00   3.3508723e+00   4.2808556e+00
   1.4904115e+00   2.5723520e+00   4.2983796e+00
   4.4658248e-01   1.7010839e+00   3.1337996e+00
   1.9390087e+00   3.3999397e+00   3.7903823e+00
   2.5362376e+00   3.1218149e+00   3.9954526e+00
   2.0636351e+00   1.9933563e+00   3.7940985e+00
   1.4905439e+00   2.1017716e+00   2.6826509e+00
   1.7710062e+00   3.2693067e+00   3.8586966e+00
  -4.2618347e-02   1.7470741e+00   3.0119032e+00
   2.4515665e+00   2.8527542e+00   3.9757950e+00
   6.8570141e-01   3.0253818e+00   4.1484503e+00
   1.3764134e+00   2.0018166e+00   2.8985658e+00
   2.5810352e+00   3.2095742e+00   3.9321989e+00
   1.3969158e+00   3.0818015e+00   4.2974525e+00
   6.1599023e-02   8.0182221e-01   3.0356680e+00
   1.0369797e+00   2.2569008e+00   3.0628424e+00
   1.4323953e+00   1.6312602e+00   3.5796329e+00
   1.6250192e+00   2.1060263e+00   2.9432560e+00
   1.7253738e+00   1.4343120e+00   3.0461095e+00
   9.0450835e-01   1.5736551e+00   2.0675911e+00
   1.8215661e+00   2.5562506e+00   4.0902747e+00
   9.0831872e-01   1.4975424e+00   3.0066138e+00
   2.2751436e+00   2.5271899e+00   4.4253029e+00
   2.3347037e+00   3.2440354e+00   4.0102247e+00
   6.0539401e-01   9.2421916e-01   3.3484215e+00
   3.1192212e-01   2.8649958e+00   3.0311366e+00
   1.0768430e+00   2.1235033e+00   2.7361238e+00
   1.9392915e+00   2.2094918e+00   3.1917028e+00
   1.6780448e+00   2.8835789e+00   4.0149050e+00
   2.3798481e-01   2.7196844e+00   2.6939916e+00
   1.7983771e+00   1.4314561e+00   3.1220350e+00
   2.9803449e+00   3.4935064e+00   4.0720273e+00
   1.6566601e+00   2.6694761e+00   4.0494888e+00
   2.4818448e+00   3.3229354e+00   4.1769094e+00
   1.1440546e+00   2.7248024e+00   4.2648372e+00
   1.7962632e+00   1.8015183e+00   2.9569804e+00
   1.6729404e+00   3.5126582e+00   4.2587632e+00
   1.6126657e+00   3.5351461e+00   3.7299713e+00
   2.7818898e+00   2.2342283e+00   4.0733838e+00
   2.5113674e+00   1.5064602e+00   3.2532628e+00
   1.8616836e+00   2.7560261e+00   3.7223636e+00
   2.1039305e+00   3.3407644e+00   3.8281565e+00
   1.6754481e+00   1.1805573e+00   3.3461874e+00
  -5.1446074e-01   1.7293189e+00   2.5525618e+00
   1.4234150e+00   2.8029315e+00   2.7945192e+00
   3.6558465e-01   2.1072018e+00   2.8788436e+00
   3.0462954e-01   1.7347713e+00   2.7715203e+00
   1.1305573e+00   1.9738177e+00   3.4353008e+00
   1.8123835e+00   2.9032574e+00   4.0679125e+00
   8.5500691e-01   2.6044488e+00   2.9745221e+00
   1.9251688e+00   2.5140476e+00   4.4066528e+00
   3.0250871e+00   1.7165597e+00   2.4640875e+00
   1.8129014e+00   2.8232412e+00   3.5556954e+00
   1.7306135e+00   3.0622230e+00   3.4529758e+00
   1.0353812e+00   2.8972230e+00   3.7694453e+00
  -3.1075582e-01   2.0890327e+00   3.0633049e+00
  -6.0640729e-01   1.5710505e+00   3.0143803e+00
   2.3229678e+00   3.2235821e+00   4.3192822e+00
   2.9351614e+00   3.4675324e+00   4.4430739e+00
   1.1511132e+00   2.2317405e+00   3.2434434e+00
   2.7921525e+00   3.1219811e+00   3.9255195e+00
   2.7403531e+00   2.5143143e+00   2.8503081e+00
   1.5435440e+00   3.5416879e+00   3.7013793e+00
   8.9167090e-01   2.9094539e+00   2.5012165e+00
   2.3538067e+00   1.2590677e+00   2.7168148e+00
   1.4289065e+00   3.3868997e+00   4.1022323e+00
   2.1234594e+00   2.5714385e+00   3.0370865e+00
   2.5787959e+00   3.0670999e+00   4.2121017e+00
   1.7708193e+00   2.7119097e+00   3.6191293e+00
   1.2612118e+00   2.8703855e+00   3.8093134e+00
   1.8818626e+00   2.4090775e+00   3.9641094e+00
   2.0141836e+00   3.7720968e+00   3.8513169e+00
   1.4494551e+00   2.5899794e+00   3.2343582e+00
   3.2249938e+00   2.6672665e+00   2.9166520e+00
   2.6866482e+00   3.0957447e+00   4.2729354e+00
   1.7684434e+00   3.2372402e+00   4.0546502e+00
   2.1071318e+00   3.2682263e+00   3.7704195e+00
   1.2405042e+00   2.9511965e+00   3.9397617e+00
   2.5396479e+00   2.4379148e+00   3.8317393e+00
   1.7171484e+00   3.1285309e+00   3.7010740e+00
   2.3180683e+00   3.2646145e+00   3.8758940e+00
   1.9135823e+00   2.9075942e+00   3.4027997e+00
   2.4134055e+00   3.1231308e+00   3.9287003e+00
   9.0973705e-01   2.1551649e+00   3.0996771e+00
   1.0531510e+00   2.4554287e+00   3.4132264e+00
   1.0693294e+00   3.2756429e+00   4.1838875e+00
   2.7056471e+00   2.5623518e+00   3.9166722e+00
   1.2697432e+00   3.1623889e+00   4.1536867e+00
   9.6234799e-01   2.7181458e+00   3.1342707e+00
   2.3209899e+00   3.1619912e+00   4.0369453e+00
   2.3897269e+00   3.1530221e+00   4.4925070e+00
   2.0338682e+00   2.9759377e+00   3.8437807e+00
   2.2963004e+00   3.4449065e+00   4.1847381e+00
   2.4457269e+00   2.8485977e+00   3.9993775e+00
   6.9749481e-01   2.3675398e+00   2.9087346e+00
   2.5300926e+00   3.1786658e+00   4.4465917e+00
   1.0652617e+00   1.6522072e+00   3.3973343e+00
   1.0563239e+00   2.2667587e+00   3.1367769e+00
   1.1461008e+00   2.7428831e+00   2.6231293e+00
   7.3341480e-01   2.1324140e+00   2.6338427e+00
   2.3239656e+00   2.7603073e+00   4.3003718e+00
   6.5858678e-01   2.7391772e+00   3.1512575e+00
   2.5497679e+00   2.6672270e+00   3.9379173e+00
   2.7510850e+00   3.3109491e+00   3.7230097e+00
   1.5836219e+00   2.6402714e+00   3.6749940e+00
  -7.6987411e-01   2.3571230e+00   3.3922229e+00
   2.3808855e+00   3.3051255e+00   4.1560247e+00
   1.8800511e+00   3.3250271e+00   3.8911724e+00
   2.3635787e+00   2.6311695e+00   3.9830101e+00
   1.1140682e+00   1.6927451e+00   2.7543930e+00
   1.7961070e+00   2.6416592e+00   3.8263484e+00
   2.2155751e+00   2.9535926e+00   4.2283262e+00
   1.1313434e+00   3.1194288e+00   4.4229339e+00
  -1.1343617e-01   1.7482538e+00   2.8370172e+00
   2.0207890e+00   2.7470192e+00   3.7476933e+00
   2.3015721e+00   3.2648660e+00   4.0411196e+00
   1.7747030e+00   2.4662285e+00   3.8909183e+00
   1.8959171e+00   3.1425109e+00   3.7656882e+00
   2.8538893e+00   2.6161790e+00   3.8531518e+00
   1.5693028e+00   3.0963785e+00   4.1548744e+00
   1.6423469e+00   2.6860650e+00   3.1231653e+00
   2.0099257e+00   1.5415502e+00   3.0900347e+00
   3.3072074e+00   1.1909098e+00   2.5399070e+00
   1.8962610e+00   2.1943915e+00   3.3670449e+00
   1.9554846e+00   2.9038042e+00   3.8914912e+00
   1.9814382e+00   3.3033876e+00   4.1926619e+00
   7.5048825e-01   2.0391544e+00   3.1304934e+00
   1.7397799e+00   2.8466203e+00   3.8515013e+00
   1.1611029e+00   1.8095997e+00   3.0554713e+00
   1.6680892e+00   2.6101238e+00   4.0662343e+00
   7.1482585e-01   2.2370733e+00   3.8397346e+00
   1.3481138e+00   1.7028059e+00   3.0362806e+00
  -7.7172657e-01   1.8609894e+00   3.0842732e+00
   6.8014073e-01   1.8042071e+00   2.7293150e+00
  -8.8636467e-01   1.7450993e+00   2.7682514e+00
   1.4040056e+00   2.5080953e+00   2.7081620e+00
   1.0502025e+00   7.5668832e-01   3.1053493e+00
   1.2760998e+00   2.7871268e+00   4.3194146e+00
   1.7332016e+00   2.5693954e+00   4.1373752e+00
   1.4145809e+00   2.2887044e+00   3.2469938e+00
   1.0792178e+00   2.1907694e+00   3.2702562e+00
   1.7512267e+00   3.4321283e+00   4.1914051e+00
   1.9520778e+00   3.1302478e+00   3.8182122e+00
   1.9258266e+00   2.6107965e+00   4.1649926e+00
   2.5721701e+00   1.3758643e+00   3.1852969e+00
   1.6843571e+00   2.7603429e+00   4.1056140e+00
   1.3009648e+00   1.6722565e+00   3.2269796e+00
   2.0150230e+00   2.1221119e+00   3.2774309e+00
  -1.7981044e-01   1.9897495e+00   2.9151246e+00
   1.5553568e+00   3.5027149e+00   4.1389320e+00
   8.7323063e-01   2.8659451e+00   3.1368674e+00
   2.1005648e+00   2.7584508e+00   3.9270494e+00
   1.4597070e+00   2.9285841e+00   3.9741078e+00
   1.1102274e+00   3.0065957e+00   4.5096250e+00
   1.0007427e+00   2.3862836e+00   2.9379365e+00
   4.0605237e-01   1.8404701e+00   3.2761179e+00
   1.9422559e+00   3.3193304e+00   4.6032449e+00
   2.1078222e+00   2.8108285e+00   4.2019329e+00
  -3.2191534e-01   1.7996909e+00   3.0821562e+00
   1.3478989e+00   2.4258164e+00   2.8348404e+00
   1.8902519e+00   1.6082221e+00   2.6665005e+00
   6.4293346e-01   1.4865591e+00   2.7543852e+00
   1.9333020e+00   3.2461312e+00   3.9288180e+00
   3.0464026e-01   1.8668953e+00   2.9410185e+00
   1.7445916e+00   3.2877877e+00   3.9081882e+00
   1.6527337e+00   1.4897288e+00   3.4406582e+00
   2.4763469e+00   2.6302922e+00   2.6890803e+00
   1.8669057e+00   2.7028467e+00   2.2733554e+00
   2.9970762e+00   3.0449219e+00   3.7674858e+00
   2.1781905e+00   1.8084065e+00   3.2384154e+00
   1.1058993e-01   1.1662451e+00   3.1182184e+00
  -3.7752235e-01   2.0007564e+00   3.1286197e+00
   1.7773560e+00   2.9284919e+00   4.0058663e+00
   1.0932754e+00   2.5657598e+00   3.3366269e+00
  -9.0662284e-01   1.9229573e+00   2.0009267e+00
   1.7046488e+00   3.2463367e+00   3.5907854e+00
   1.5061873e+00   2.8599713e+00   2.9835568e+00
   2.8319775e-02   1.5499612e+00   2.9615293e+00
   1.4833739e+00   1.3134283e+00   3.4573186e+00
   1.1924900e+00   1.2436571e+00   3.5478009e+00
  -1.3717840e+00   2.0292568e+00   2.7481641e+00
   1.0772869e+00   2.2578645e+00   2.9501653e+00
   5.8769768e-01   1.6294884e+00   3.5872687e+00
   2.9978019e+00   3.3799766e+00   3.4026701e+00
   2.3727885e+00   2.3368885e+00   3.7775214e+00
   1.3544764e+00   2.3203174e+00   2.9667521e+00
   1.8266865e+00   2.4839122e+00   3.9814510e+00
   3.5710962e-01   2.0027978e+00   2.7254415e+00
   1.8167927e+00   3.2445304e+00   4.1439493e+00
   2.1752943e+00   3.2020252e+00   3.5985371e+00
   1.5711738e+00   2.7566954e+00   3.8587005e+00
   1.9424545e+00   1.5753812e+00   3.0019064e+00
   2.7003494e+00   2.8478624e+00   4.2054003e+00
   2.8391279e+00   3.1482841e+00   4.1359739e+00
   2.0618550e+00   2.2562188e+00   3.4830216e+00
   2.3044903e+00   2.0673576e+00   2.8694459e+00
   1.3571406e+00   1.0941031e+00   3.3064237e+00
   1.4182725e+00   2.1695285e+00   4.2473474e+00
   1.7048695e+00   3.3993101e+00   4.1988530e+00
   2.7563542e+00   2.6323939e+00   4.4491200e+00
   1.3503983e+00   2.7501653e+00   3.8262388e+00
   1.9950920e+00   3.1840198e+00   4.2361763e+00
   1.0254206e+00   2.0980383e+00   2.8390973e+00
   1.4808607e+00   2.5699503e+00   2.9067412e+00
   1.9106577e+00   3.2079202e+00   2.8790992e+00
   2.4524007e+00   2.4954325e+00   3.6826590e+00
   1.1146661e+00   2.1768320e+00   2.2129408e+00
   1.1175883e+00   2.8280297e+00   3.9762650e+00
   2.1069149e+00   2.6411468e+00   3.6877554e+00
   2.2042592e-01   2.6319357e+00   3.2479318e+00
   1.8851060e+00   4.0044276e+00   3.7116371e+00
   2.7246057e+00   3.0013059e+00   3.8918197e+00
   2.7059306e+00   1.9325554e+00   3.1496964e+00
   3.8580695e-01   1.5170230e+00   3.2303206e+00
   8.1258889e-01   2.9212696e+00   3.7052244e+00
   1.9293849e+00   2.9374089e+00   4.1246592e+00
   2.6608507e+00   2.6066745e+00   4.3344972e+00
   1.1381959e+00   2.3917421e+00   2.9005005e+00
  -5.9317716e-03   1.6099693e+00   3.3024857e+00
   2.9857400e+00   2.7449956e+00   3.6683296e+00
   2.7642774e+00   3.7012957e+00   4.2040998e+00
   2.5497975e+00   1.9255896e+00   2.7217869e+00
   2.1944005e+00   3.2798872e+00   3.7898549e+00
  -7.5769211e-01   2.5496388e+00   3.1240835e+00
   2.3359912e+00   2.5437993e+00   3.8537171e+00
   6.9893626e-01   1.4741060e+00   3.2230487e+00
   2.7842237e+00   3.0014070e+00   3.9003849e+00
   2.2097090e+00   3.3346855e+00   4.3459309e+00
   2.2979903e+00   2.1891200e+00   2.6189084e+00
   3.8854072e+00   2.3911259e+00   2.7016557e+00
   2.9929037e+00   3.5044811e+00   3.7573103e+00
   2.4486616e+00   1.7269831e+00   3.6486597e+00
   1.6392053e+00   2.1563640e+00   4.1437716e+00
  -1.9537071e-02   2.1919482e+00   2.5993626e+00
   1.6517355e+00   3.5906721e+00   3.7534408e+00
   4.4998450e-01   1.7521733e+00   2.9238826e+00
   1.7657512e+00   3.5505883e+00   4.6515447e+00
   2.1064325e+00   1.9036765e+00   3.1558757e+00
   1.1346674e+00   1.5826066e+00   2.7383345e+00
  -6.9315655e-01   2.1326050e+00   2.8857479e+00
   1.7260395e-01   2.1565582e+00   3.1171876e+00
   2.1728297e+00   3.6288668e+00   4.2153701e+00
   1.1102729e+00   2.3516723e+00   2.8708935e+00
   1.2336766e+00   2.7680261e+00   4.2146023e+00
   2.5898018e+00   2.9604591e+00   2.5763853e+00
   2.8335040e+00   2.8044703e+00   2.2045944e+00
   2.3409611e+00   3.2749610e+00   4.1197771e+00
   9.1445236e-01   1.8494368e+00   2.8870088e+00
   3.9275287e-01   1.6355333e+00   2.8068681e+00
   1.8388824e+00   3.2312524e+00   3.9140458e+00
   1.5789294e+00   2.8562968e+00   4.1263455e+00
   1.7360308e+00   2.7489837e+00   4.4744645e+00
  -3.6240337e-02   2.2642637e+00   3.5999603e+00
   2.6492081e+00   1.2353429e+00   2.9533162e+00
   1.9988880e+00   2.6659659e+00   4.1369914e+00
   1.7197881e+00   1.6855378e+00   3.7538364e+00
   2.3713873e+00   2.7648093e+00   3.7693909e+00
   2.0653259e+00   3.3296489e+00   4.1652868e+00
   1.5486381e+00   2.0440835e+00   3.9493008e+00
   2.3674223e+00   2.6607684e+00   3.9875185e+00
   2.0078421e+00   2.8336709e+00   4.0121256e+00
   2.0229982e+00   3.2123146e+00   4.0805241e+00
   2.1164370e+00   2.2802136e+00   3.6880227e+00
   1.9966645e+00   1.7027094e+00   2.3318916e+00
   9.9348770e-01   2.1551667e+00   3.5277904e+00
   2.4067990e+00   3.0433432e+00   3.3902998e+00
   2.2832582e+00   2.5820626e+00   4.0769056e+00
   1.3773718e+00   2.3264363e+00   3.1612328e+00
  -5.3289098e-01   1.9088768e+00   3.3844189e+00
  -1.5115281e-02   2.0802960e+00   2.9106967e+00
   3.0683676e+00   2.4763723e+00   4.2581186e+00
   2.1344626e+00   2.5652404e+00   4.4686494e+00
   3.1429547e+00   1.6918380e+00   3.5394024e+00
  -2.1664321e-01   1.0194564e+00   2.6407593e+00
   1.6610929e+00   3.1577636e+00   4.3753429e+00
   2.5215794e+00   2.7395557e+00   4.4557283e+00
   1.4868909e+00   3.1040964e+00   2.8498371e+00
   1.2468124e+00   2.0445489e+00   3.2963166e+00
   5.7571930e-01   2.0573038e+00   3.3727103e+00
   7.4723556e-01   1.6904306e+00   3.1920525e+00
   1.2089110e+00   2.8199905e+00   4.0465586e+00
   1.5640273e+00   2.7748096e+00   4.4693836e+00
   1.8269547e+00   2.9062560e+00   4.1948955e+00
   2.3258590e+00   3.0543819e+00   4.6693012e+00
   2.2063582e+00   2.6879022e+00   3.7674371e+00
   2.4016768e+00   2.6045234e+00   4.2051803e+00
   2.0489255e+00   3.1948812e+00   4.2972600e+00
   1.5418508e+00   2.9890067e+00   3.8561808e+00
  -6.5990603e-01   2.5308162e+00   2.0930170e+00
   3.0500850e+00   2.2902208e+00   3.3327115e+00
  -2.4178264e-01   1.8786020e+00   2.4018925e+00
   2.0879417e+00   2.8387535e+00   3.9475401e+00
   2.6886785e+00   3.1486921e+00   3.9776297e+00
   4.3322852e-01   1.9066190e+00   3.2530633e+00
   1.5407131e+00   2.9137270e+00   3.9528183e+00
   9.3229316e-01   1.9951152e+00   2.5949807e+00
   1.5339434e+00   2.6389127e+00   3.5873964e+00
   1.3690809e+00   1.6738710e+00   3.0973002e+00
   1.9797467e+00   2.7732220e+00   4.2061242e+00
   2.2611325e+00   1.5837742e+00   2.9067808e+00
   2.7059140e+00   2.6946386e+00   3.9331252e+00
   1.4592593e+00   3.1665997e+00   4.1069101e+00
  -1.8584244e-01   2.3478965e+00   2.5409334e+00
   1.8469487e+00   2.1340741e+00   3.2730004e+00
   1.7299248e+00   2.0082324e+00   3.4080440e+00
   1.4092884e+00   3.0712556e+00   4.0269337e+00
   2.5307838e+00   2.2801128e+00   2.3479234e+00
   4.7538169e-01   1.7945295e+00   2.9736250e+00
   2.3531674e+00   2.4513869e+00   4.1692095e+00
   1.9037480e+00   2.5311888e+00   3.8341485e+00
   7.4618992e-01   2.6907900e+00   2.4275222e+00
   2.0931386e-01   2.3591385e+00   3.4142622e+00
  -2.3609505e-01   1.8943515e+00   3.0281674e+00
   5.2142183e-01   1.1039204e+00   2.6593282e+00
   2.2965416e+00   2.3986061e+00   3.3397834e+00
   1.8466008e+00   2.1635269e+00   3.1461818e+00
   2.7242601e+00   3.1948196e+00   3.6368684e+00
   2.2297610e+00   2.8699948e+00   4.1416252e+00
   1.8724475e+00   1.7070454e+00   3.0637629e+00
   5.0946141e-01   1.2692661e+00   2.8935638e+00
   1.6151882e+00   2.6063881e+00   4.1673496e+00
   7.6184302e-01   1.3308371e+00   3.1725493e+00
   2.3846969e+00   1.6779156e+00   3.6236562e+00
   1.8155937e+00   2.8635671e+00   3.6165892e+00
   2.8175729e+00   1.3074821e+00   2.8256808e+00
   1.4096266e+00   2.1473830e+00   2.9030155e+00
   1.4798583e+00   2.7372482e+00   2.9007730e+00
   1.3739920e+00   3.2641227e+00   4.4853515e+00
   9.0384078e-01   1.6452430e+00   3.5628449e+00
   1.2270214e+00   2.3350020e+00   2.7440538e+00
   1.9521464e+00   2.6758579e+00   3.8163629e+00
   2.2790428e+00   3.0151152e+00   4.2376426e+00
   2.5550786e+00   2.8466615e+00   3.8043599e+00
   3.3058001e-01   2.3772980e+00   2.4293364e+00
   1.8864887e+00   2.6917295e+00   4.0564573e+00
   1.9646991e+00   2.9651053e+00   4.2745057e+00
   1.2444740e+00   1.8655811e+00   3.1702969e+00
   2.1176448e+00   2.9302889e+00   3.9079795e+00
   3.3601105e+00   2.3493325e+00   3.9976222e+00
   2.5929341e+00   2.6753541e+00   3.4789144e+00
   2.2383230e+00   1.1598365e+00   3.4904743e+00
   2.0162885e+00   2.7164020e+00   4.1771392e+00
   5.4122023e-01   1.9730407e+00   2.5132262e+00
   1.1027528e+00   1.7986465e+00   2.7333624e+00
   1.5553459e+00   3.1642744e+00   3.8706174e+00
   1.2567518e+00   2.6759436e+00   3.3107611e+00
   6.7833711e-01   2.8440199e+00   4.4957541e+00
   1.2573804e+00   2.0376136e+00   2.9918526e+00
   2.7857115e-01   2.0405384e+00   3.4394153e+00
   1.3117482e+00   2.6216763e+00   4.2243867e+00
   1.9435333e+00   2.6194107e+00   3.6624735e+00
   1.3951152e+00   2.3918433e+00   3.1169655e+00
   3.3315317e+00   3.3417320e+00   3.8388622e+00
   1.6640334e+00   3.0962042e+00   4.5127040e+00
   1.4703327e+00   2.9617382e+00   4.0270683e+00
   2.8746618e+00   2.7397019e+00   3.6805732e+00
   1.3202088e+00   2.9871200e+00   4.1646922e+00
   2.0934263e+00   2.7312449e+00   3.9755162e+00
   1.6480215e+00   1.1543730e+00   2.8130569e+00
   6.3081737e-01   1.5218284e+00   2.9376932e+00
   1.6293885e+00   8.4201454e-01   3.3856787e+00
   4.6222161e-02   2.7289446e+00   2.9480652e+00
   2.0256966e+00   3.5579727e+00   4.0379193e+00
   9.6198953e-01   2.7759625e+00   2.8650414e+00
   3.0568811e+00   2.5499419e+00   4.2686810e+00
   1.2103794e+00   2.3588993e+00   2.5431451e+00
  -1.4500487e+00   1.6806197e+00   3.0463098e+00
   2.9344974e+00   2.7792973e+00   3.5777030e+00
   1.7259273e+00   2.5738683e+00   4.3663989e+00
   3.2823553e+00   1.4130071e+00   2.8819710e+00
   2.0298511e+00   2.6714921e+00   3.9859995e+00
   1.9440865e+00   3.2519919e+00   4.0982124e+00
   1.3273228e+00   2.7267421e+00   3.8224656e+00
   2.3901759e+00   3.6538077e+00   3.8222639e+00
   1.5924382e+00   2.3750685e+00   3.6449281e+00
   1.9693702e+00   1.9641734e+00   3.0115640e+00
   2.9941978e+00   3.5451704e+00   3.7650414e+00
   1.9605627e+00   3.5758085e+00   3.8866340e+00
   4.5253880e-01   2.0445491e+00   2.2370638e+00
   2.4708680e+00   1.7476628e+00   3.0942220e+00
   1.5454608e+00   1.7639974e+00   2.8476995e+00
   2.0383201e+00   2.6052346e+00   3.8285176e+00
   2.2715255e+00   3.3429642e+00   4.0832900e+00
  -1.7386361e+00   1.6330146e+00   3.0935625e+00
   1.1248598e+00   1.9638673e+00   2.8675236e+00
   2.3661720e+00   2.7655153e+00   4.3886283e+00
   1.6435766e+00   3.0941714e+00   4.1261628e+00
   1.5271297e+00   2.0695889e+00   3.1838104e+00
   2.3545276e+00   2.1456598e+00   4.2749566e+00
   2.4718047e+00   2.7495265e+00   4.1197920e+00
   1.6364400e+00   3.1084540e+00   3.4450781e+00
   1.8115149e+00   2.9077345e+00   3.7816814e+00
   2.1112798e+00   3.0243817e+00   4.0464507e+00
   1.0816500e+00   1.9115710e+00   3.1461675e+00
   2.4939229e+00   3.0285655e+00   4.4097454e+00
   1.6924766e+00   2.9763058e+00   4.0388637e+00
  -7.5857701e-02   2.9591737e+00   2.7655638e+00
   2.7504250e+00   2.5697001e+00   4.0682305e+00
   3.6792030e+00   1.9407568e+00   2.2088018e+00
   1.9605017e+00   2.1967133e+00   3.6321836e+00
   1.7551523e+00   1.9179832e+00   2.6420382e+00
   1.8664202e+00   1.8810525e+00   2.6625627e+00
   2.1110237e+00   2.9639132e+00   3.8739254e+00
   2.2429790e-01   1.5921044e+00   2.9000240e+00
   1.2442125e+00   3.2071135e+00   3.8581574e+00
   2.5872715e+00   2.9998846e+00   3.5778924e+00
   1.9920554e+00   1.5785481e+00   4.0175104e+00
   3.3227224e+00   2.8098744e+00   4.1705479e+00
   4.4400446e-01   2.5910958e+00   3.1091308e+00
  -2.0858651e-01   2.4265602e+00   3.2341337e+00
   1.3739787e+00   3.2037646e+00   3.8804694e+00
   2.4251509e+00   2.6592256e+00   4.1759493e+00
   2.7101447e+00   1.7130110e+00   2.9037158e+00
   2.2003466e-01   2.9619222e+00   3.1359266e+00
   2.3118621e+00   3.3850786e+00   3.5142450e+00
   8.1412043e-01   2.0337786e+00   3.3792664e+00
   2.0078353e+00   2.5985434e+00   4.0473490e+00
   8.2068308e-01   2.5156114e+00   3.1619480e+00
   1.9848137e+00   1.2490782e+00   2.8030898e+00
   2.4058904e+00   3.6585373e+00   3.5677230e+00
   2.5391634e+00   3.6249666e+00   3.9828671e+00
   2.8423514e+00   2.2321723e+00   2.5405439e+00
   2.1330769e+00   3.8224847e+00   3.5785569e+00
   1.4442207e-02   2.8023622e+00   3.3342558e+00
   1.8862778e+00   3.0624971e+00   4.3827829e+00
   2.2791513e+00   3.0618602e+00   3.6896492e+00
   2.7603464e+00   3.1374397e+00   3.8731830e+00
   1.2207582e+00   1.6409923e+00   3.7219680e+00
  -9.9566014e-01   1.0113008e+00   2.9372533e+00
   1.2122029e+00   1.8056026e+00   3.0361404e+00
  -2.0553317e-01   1.8052750e+00   2.9890054e+00
   5.3270076e-01   1.7524280e+00   3.3250768e+00
   5.2488540e-02   2.0308724e+00   3.1086774e+00
  -9.1440820e-02   1.9224160e+00   3.0815948e+00
   2.8199414e+00   3.1061257e+00   4.2064424e+00
   2.4444721e+00   2.9093263e+00   3.7805497e+00
   2.4596591e+00   2.8095071e+00   4.1345698e+00
   6.7869656e-01   1.2250372e+00   3.4052913e+00
   2.0109985e+00   3.0950498e+00   3.8300535e+00
   6.5491623e-01   9.7158616e-01   3.0955173e+00
   2.6213718e+00   3.0192368e+00   4.0659765e+00
   1.3777943e+00   2.9067993e+00   4.1937842e+00
   2.1664343e+00   3.3070802e+00   3.7303332e+00
   2.1520355e-01   2.0349458e+00   2.7190962e+00
   1.7402367e+00   3.1936181e+00   4.4622654e+00
   1.2785570e+00   2.0731861e+00   3.6392059e+00
   2.0749350e+00   2.2456831e+00   2.7502919e+00
   2.8222278e+00   3.5727086e+00   3.7284355e+00
   2.7680601e+00   2.4494953e+00   4.1411794e+00
   1.7286773e+00   3.4090354e+00   4.0677787e+00
   2.3234834e+00   3.4706765e+00   3.5057529e+00
   1.7914326e+00   3.4591239e+00   3.8495092e+00
   2.0413276e+00   2.8502563e+00   3.8344835e+00
   1.9504498e+00   2.3565166e+00   3.2832179e+00
   3.1852623e+00   2.9088340e+00   4.1167622e+00
   2.3696663e+00   3.1055319e+00   4.1072914e+00
   1.9707819e+00   3.5972641e+00   4.0868827e+00
   1.1341697e+00   1.5370794e+00   2.9681176e+00
   1.8680483e+00   3.1626995e+00   3.7665682e+00
   2.4559705e+00   2.5380503e+00   3.6269503e+00
   1.8479146e+00   1.9673276e+00   2.7031478e+00
  -2.5624486e-01   1.2128456e+00   3.5704049e+00
   1.3220697e+00   2.3850343e+00   3.0338665e+00
   1.9132369e+00   3.2942204e+00   3.9430988e+00
   6.8407753e-02   2.7318527e+00   3.0197899e+00
   2.6813165e+00   2.4886801e+00   4.1619584e+00
   6.4006088e-01   2.2358687e+00   2.5161292e+00
   3.2512914e-01   2.5861337e+00   3.1301083e+00
   1.5104489e+00   1.8650676e+00   2.6647955e+00
   1.9271983e+00   1.7098934e+00   3.1358983e+00
   1.3518637e+00   2.5284365e+00   3.1580040e+00
   2.6630027e+00   2.4621979e+00   3.6175485e+00
   2.2197960e+00   3.6600031e+00   4.2089822e+00
   2.1037215e+00   2.9706590e+00   4.2997835e+00
   2.3316810e+00   2.7588630e+00   4.1447611e+00
   2.2983397e+00   2.9562196e+00   3.7510974e+00
   2.1390661e+00   2.6418181e+00   4.0216936e+00
   2.7143495e+00   3.1479375e+00   4.1999720e+00
   2.6645374e+00   1.4614902e+00   3.0539105e+00
   2.4646254e+00   3.0478537e+00   4.5304618e+00
  -5.1518772e-01   2.1541628e+00   2.8887060e+00
   2.1753508e+00   3.0637984e+00   3.6044575e+00
   1.3922367e+00   3.3999532e+00   3.5933117e+00
   1.4021457e+00   2.5891302e+00   3.6973362e+00
   1.6570974e+00   2.4057325e+00   4.2870811e+00
   1.6059808e+00   3.2647484e+00   3.7474078e+00
   1.9591403e+00   2.6016143e+00   4.1001864e+00
   6.2561663e-02   1.3587330e+00   3.4002111e+00
   2.2553557e+00   2.9585056e+00   3.9104121e+00
   9.8417008e-01   1.8280070e+00   3.5297087e+00
   5.8682258e-01   2.5130195e+00   3.4000176e+00
   2.3496582e+00   2.2420351e+00   3.9493321e+00
   9.6183488e-03   5.4078996e-01   3.5019251e+00
   3.0404408e+00   2.9261790e+00   3.8551379e+00
   2.3519462e+00   2.0975457e+00   3.1150175e+00
   8.6396519e-01   2.6712412e+00   3.2522515e+00
   2.9720710e+00   3.7090270e+00   3.7050578e+00
   5.9000936e-01   2.5509301e+00   2.7424700e+00
   2.3556760e+00   1.7392997e+00   2.6511830e+00
  -1.3934940e+00   1.7193780e+00   3.3356310e+00
  -1.2644700e+00   2.0582998e+00   2.5823448e+00
   2.2528610e+00   3.0368289e+00   4.3863698e+00
   1.6924568e+00   3.5168698e+00   3.9967515e+00
   2.5117148e+00   2.8060183e+00   3.8853635e+00
   1.7883571e+00   3.5126793e+00   3.9735384e+00
   2.3136767e+00   2.6437178e+00   3.9256869e+00
   5.0617779e-01   9.8545005e-01   3.5141656e+00
   2.2276903e-01   2.6660030e+00   3.1757428e+00
   1.5803393e+00   1.4262993e+00   3.2584375e+00
   2.5675950e+00   2.6709208e+00   3.8287455e+00
   2.8530411e+00   1.8727131e+00   3.2773184e+00
   2.3582522e+00   2.9168874e+00   4.0750902e+00
   2.3843042e+00   3.0816621e+00   3.9082795e+00
   1.6954903e+00   2.6303926e+00   3.7840732e+00
   6.9790566e-01   1.7924026e+00   3.0239931e+00
  -8.0060059e-01   1.6582509e+00   3.0847453e+00
   2.0626310e+00   3.2080123e+00   4.5943040e+00
   1.4195707e+00   2.0813328e+00   3.2536613e+00
   2.4810696e+00   2.7986060e+00   4.5937515e+00
   1.7293225e+00   3.2161253e+00   3.6244987e+00
   2.1442661e+00   3.1332937e+00   3.6718392e+00
   1.6438074e+00   2.9557098e+00   3.9010841e+00
   2.1429350e+00   2.0008458e+00   3.5271854e+00
   9.2884855e-01   2.7201896e+00   3.1853322e+00
   5.3702735e-01   2.7741463e+00   2.7047317e+00
  -4.1679085e-01   2.0337281e+00   2.1704883e+00
   2.1594975e+00   2.8974525e+00   3.8693620e+00
   1.1813070e+00   1.4281988e+00   2.8986875e+00
   2.8923344e+00   1.7526482e+00   2.8174527e+00
   2.5209590e+00   1.3859528e+00   3.0725411e+00
   1.8255451e+00   2.2547547e+00   2.9493799e+00
   1.5779826e+00   3.0111193e+00   3.6817939e+00
   2.4881375e+00   2.5760185e+00   3.9313402e+00
   1.7734916e+00   3.1449733e+00   3.9120676e+00
   1.0964318e+00   2.5781038e+00   2.1535982e+00
   2.6836858e+00   2.3951595e+00   3.7700146e+00
   1.4866159e+00   3.0774224e+00   3.9783258e+00
   2.0514598e+00   3.5101372e+00   3.7120630e+00
   1.7489037e+00   1.3315022e+00   2.5807693e+00
  -3.0700922e-01   2.6068711e+00   2.1099759e+00
   2.9172759e+00   3.0926855e+00   4.1004899e+00
   1.5107934e+00   2.3201824e+00   3.9006834e+00
   1.8067387e+00   2.7893075e+00   3.4280404e+00
   2.4262907e-01   1.1347678e+00   2.8532482e+00
   2.1625412e+00   3.2456272e+00   3.9984074e+00
   6.0173893e-01   2.7534297e+00   3.0295247e+00
   2.1223910e+00   3.0146650e+00   4.3114444e+00
   7.3956338e-01   2.0726962e+00   2.4508216e+00
   1.5203065e+00   3.3209590e+00   4.0951426e+00
   2.0120853e+00   3.3463216e+00   3.8693533e+00
   1.7614250e+00   2.5096705e+00   4.3954428e+00
   4.9196170e-01   2.0924920e+00   2.8225021e+00
   1.1080603e+00   1.2868639e+00   2.8978398e+00
  -2.3594223e-01   1.7204030e+00   3.3139662e+00
   2.3933704e+00   2.9445982e+00   4.2228900e+00
   2.1288742e+00   3.3968772e+00   3.9845238e+00
   8.8145151e-01   2.9010810e+00   4.1843322e+00
   2.0774409e+00   3.0629381e+00   4.0238568e+00
   1.7352371e+00   2.6808067e+00   4.1990593e+00
   1.0037756e+00   1.1496225e+00   3.4155191e+00
   9.8338750e-01   2.1832599e+00   2.8968497e+00
   4.5704682e-01   1.4946280e+00   2.5395472e+00
   2.1276647e+00   2.9719004e+00   4.0203507e+00
   1.2624689e+00   1.2564701e+00   2.9971179e+00
   1.6987629e+00   3.6378485e+00   4.1095681e+00
   1.5837415e+00   3.1190884e+00   3.8204105e+00
   1.3947788e+00   1.2316706e+00   3.0407919e+00
  -2.3079653e-01   1.7537312e+00   3.0120481e+00
   9.6845377e-03   1.1517468e+00   2.8742430e+00
   1.1720946e+00   2.8941327e+00   3.5991878e+00
   1.1617434e+00   3.1681856e+00   3.0333006e+00
  -3.1614348e-01   1.9593786e+00   3.0979168e+00
   1.5369943e+00   2.7530201e+00   4.1543222e+00
   1.6866288e+00   2.9798728e+00   4.1230682e+00
   1.5634249e+00   2.2893798e+00   4.2866521e+00
   2.2087774e+00   2.8874246e+00   4.1791217e+00
   2.8210866e-01   2.2337527e+00   2.1158022e+00
   2.8661007e-01   1.8018324e+00   2.9898941e+00
   2.0236505e+00   3.2814843e+00   4.4796396e+00
   6.2840020e-01   2.4161860e+00   3.3506085e+00
  -5.3155031e-01   2.3176594e+00   2.8421146e+00
  -9.6583721e-01   2.0249952e+00   2.7336760e+00
   1.4620964e+00   2.5162237e+00   2.4715566e+00
   3.4434365e-01   1.2917459e+00   3.0176119e+00
   2.4083747e+00   3.0217124e+00   3.8138966e+00
  -3.7529568e-01   2.1311726e+00   2.8973028e+00
   2.0601682e+00   2.0765917e+00   2.9211340e+00
   2.4496431e+00   2.7323979e+00   2.8948128e+00
   1.8562651e+00   2.6799255e+00   4.3483990e+00
   5.9787955e-01   1.9394634e+00   3.4250828e+00
   3.1645214e-01   2.2045394e+00   3.0142489e+00
   1.3740953e-01   1.4343460e+00   3.1492451e+00
  -1.0326195e+00   1.5796736e+00   3.4926381e+00
   1.0675580e+00   7.9848128e-01   3.2339162e+00
  -3.1116849e-01   1.2012181e+00   2.9496589e+00
   2.2862693e+00   2.6637689e+00   3.1690228e+00
   2.4022333e+00   2.5516699e+00   3.8109911e+00
   5.9892208e-01   2.1206106e+00   3.5490280e+00
   2.3039798e+00   2.9144696e+00   3.7247900e+00
   1.7511538e+00   2.4754394e+00   2.7165174e+00
   8.5783689e-01   1.9542441e+00   2.9874038e+00
  -5.1638966e-01   1.6280396e+00   2.8202983e+00
   2.1561016e+00   3.2824233e+00   3.9266472e+00
  -8.2146095e-01   1.8825106e+00   3.1255710e+00
  -1.3723216e-01   2.4435040e+00   3.0561180e+00
   1.3444351e+00   2.7164017e+00   2.3953555e+00
   1.5229239e+00   3.3476933e+00   4.0753435e+00
   1.2358675e+00   2.5447267e+00   3.2700574e+00
   1.4532073e+00   2.7076948e+00   3.8781506e+00
  -4.1206628e-01   1.9879266e+00   3.2317485e+00
   2.2398017e+00   2.9258081e+00   3.5510722e+00
   1.0280557e+00   1.5014960e+00   2.9623294e+00
